# GEN: 	 LUNGHEZZA DEL MIGLIORE: 	 LUNGHEZZA MEDIA:
1	471.174	505.464
2	445.132	488.451
3	429.123	474.457
4	417.34	461.422
5	401.785	448.541
6	401.785	436.403
7	391.804	426.094
8	378.066	416.338
9	361.569	404.704
10	349.147	391.996
11	343.714	378.297
12	338.912	366.081
13	326.441	356.672
14	324.271	348.77
15	317.354	342.101
16	315.332	336.033
17	310.568	330.669
18	303.395	325.815
19	299.498	322.033
20	296.519	317.543
21	292.057	311.547
22	286.261	306.243
23	283.604	300.745
24	281.234	296.361
25	274.673	293.047
26	265.081	289.314
27	254.69	284.163
28	254.69	277.622
29	249.863	270.21
30	249.863	264.04
31	246.612	258.536
32	240.556	255.241
33	240.223	252.016
34	238.308	249.588
35	238.089	246.29
36	236.825	244.083
37	233.862	241.681
38	230.475	239.639
39	229.259	237.227
40	227.357	235.185
41	225.972	233.276
42	223.512	230.931
43	220.394	229.248
44	217.654	227.117
45	216.035	224.55
46	216.035	222.181
47	214.555	220.414
48	213.792	219.094
49	212.11	217.584
50	211.465	216.558
51	210.938	215.292
52	207.142	213.915
53	205.293	212.651
54	205.061	211.282
55	200.434	209.822
56	201.376	208.04
57	199.327	206.765
58	197.504	205.487
59	197.504	203.562
60	195.122	202.106
61	192.881	200.619
62	192.078	198.916
63	189.127	197.532
64	187.349	195.581
65	185.709	194.003
66	186.626	191.755
67	185.863	189.851
68	184.787	188.642
69	184.007	187.748
70	182.4	186.427
71	181.502	184.962
72	179.808	183.47
73	178.651	182.573
74	176.58	181.661
75	172.304	180.756
76	171.405	180.072
77	168.917	179.068
78	168.917	176.962
79	168.917	174.881
80	166.144	172.816
81	166.285	170.91
82	164.98	169.712
83	164.675	169.319
84	164.108	168.473
85	163.388	167.543
86	161.373	166.318
87	160.794	165.136
88	158.961	163.593
89	158.076	162.84
90	158.076	161.942
91	157.695	161.193
92	156.922	160.838
93	154.028	160.18
94	153.633	159.241
95	153.088	157.547
96	153.055	156.097
97	152.694	154.713
98	152.116	154.073
99	151.17	153.422
100	150.592	152.71
101	149.56	152.263
102	148.252	151.656
103	148.252	151.1
104	145.556	150.868
105	145.078	150.277
106	144.182	149.138
107	143.46	147.664
108	143.46	145.862
109	143.46	144.787
110	142.576	144.182
111	142.355	143.706
112	142.115	143.274
113	140.907	142.967
114	140.907	142.581
115	140.907	142.032
116	140.245	141.699
117	139.14	141.525
118	139.709	141.775
119	139.58	141.855
120	138.294	141.516
121	138.294	141.992
122	136.709	142.255
123	135.311	141.227
124	135.311	140.132
125	133.29	139.354
126	133.29	137.669
127	133.29	136.539
128	133.29	135.139
129	132.862	134.164
130	132.862	133.652
131	131.914	133.217
132	131.249	132.886
133	130.481	132.469
134	129.376	131.986
135	129.218	131.396
136	124.785	130.543
137	124.361	129.573
138	124.093	128.121
139	124.066	126.593
140	123.586	125.373
141	123.021	124.752
142	122.826	124.421
143	121.664	124.105
144	121.637	123.918
145	120.639	123.54
146	120.612	123.141
147	119.16	122.281
148	119.16	121.675
149	118.93	121.121
150	118.867	120.631
151	118.473	119.892
152	118.531	119.49
153	118.152	119.279
154	118.007	119.27
155	116.637	119.172
156	115.955	119.061
157	115.893	118.682
158	115.466	117.823
159	115.023	117.573
160	114.95	117.154
161	114.95	116.454
162	114.506	116.141
163	113.98	116.003
164	113.187	115.626
165	113.187	115.163
166	113.017	114.751
167	112.709	114.086
168	110.847	113.507
169	110.368	113.009
170	109.867	112.498
171	109.867	111.978
172	109.845	111.321
173	108.671	110.518
174	108.402	110.024
175	108.671	109.484
176	108.081	109.048
177	107.804	108.814
178	107.804	108.689
179	107.804	108.532
180	107.446	108.453
181	106.238	108.341
182	106.238	108.031
183	106.238	107.997
184	106.238	108.136
185	106.238	108.617
186	105.662	108.322
187	105.173	108.127
188	105.173	107.923
189	105.173	107.995
190	105.173	107.456
191	105.173	106.484
192	104.871	106.494
193	104.871	106.22
194	104.871	106.214
195	104.871	105.594
196	104.871	105.436
197	104.209	105.093
198	104.187	104.872
199	103.907	104.592
200	103.907	104.525
201	103.885	104.696
202	100.616	105.304
203	100.616	106.53
204	100.616	107.688
205	100.616	109.5
206	100.616	110.279
207	100.616	111.896
208	99.8924	111.67
209	100.616	109.896
210	100.616	107.946
211	100.616	106.626
212	100.616	104.603
213	100.032	103.383
214	100.032	102.19
215	99.0949	101.895
216	99.0949	100.701
217	98.7432	100.378
218	98.258	99.8494
219	97.891	99.6184
220	97.891	99.0326
221	97.4878	98.5898
222	97.1654	98.2052
223	97.1654	97.9657
224	96.7469	97.6409
225	97.1325	97.3886
226	97.1325	97.2331
227	97.0821	97.1941
228	97.0892	97.1504
229	96.6927	97.1306
230	96.6598	97.0983
231	96.408	97.0286
232	96.0678	96.884
233	96.0349	96.7082
234	95.702	96.4459
235	95.669	96.2402
236	95.4622	96.0459
237	95.4622	95.8632
238	94.9335	95.7201
239	94.9335	95.6009
240	94.9335	95.7132
241	94.9335	96.27
242	94.9335	95.6937
243	94.0824	95.4094
244	94.0824	95.4689
245	94.0824	95.1604
246	93.6013	94.9851
247	92.503	95.084
248	92.2961	94.5765
249	91.0368	94.3376
250	91.0368	93.4681
251	91.0368	92.6605
252	91.0368	91.862
253	91.0368	91.474
254	90.8784	91.2073
255	90.8784	91.0407
256	90.3004	90.9742
257	89.7663	90.8576
258	89.7663	90.6084
259	89.66	90.3464
260	89.0882	90.0908
261	88.721	89.8061
262	87.9296	89.4874
263	87.6673	89.1108
264	87.6673	88.6408
265	87.604	88.1638
266	87.4767	87.8964
267	87.1045	87.7152
268	87.1045	87.6359
269	87.1045	87.5568
270	87.0472	87.395
271	87.0472	87.2586
272	87.0472	87.1633
273	87.0472	87.1088
274	86.1954	87.0325
275	86.1703	86.9341
276	86.1703	86.8735
277	86.14	86.7458
278	85.8482	86.7912
279	85.8482	86.485
280	85.8179	86.1587
281	85.7772	85.9725
282	85.8482	85.9555
283	85.8482	85.8501
284	85.5883	85.8477
285	85.5883	85.8374
286	85.5883	85.7913
287	85.113	85.7031
288	85.113	85.599
289	85.113	85.4562
290	85.113	85.3281
291	85.113	85.237
292	85.113	85.1689
293	85.113	85.113
294	85.113	85.113
295	85.113	85.113
296	85.113	85.113
297	84.8511	85.1051
298	84.8511	85.0842
299	84.8511	85.036
300	84.8511	85.0211
301	84.8511	84.9522
302	79.8491	84.922
303	79.8491	84.9433
304	79.8491	84.928
305	79.8491	83.8796
306	79.8491	82.4958
307	79.8491	81.7313
308	79.777	80.4543
309	79.1441	79.9169
310	79.1441	79.7891
311	79.1441	79.6603
312	79.1441	79.4342
313	79.1441	79.2613
314	79.1441	79.1457
315	79.1441	79.1441
316	79.1441	79.1441
317	79.1441	79.1441
318	79.1441	79.1441
319	79.1441	79.1441
320	79.1441	79.1441
321	79.1441	79.1441
322	79.1441	79.1441
323	78.7112	79.1251
324	78.7112	79.0697
325	78.7112	78.9596
326	78.7112	78.8417
327	78.6658	78.749
328	78.6658	78.7097
329	78.5667	78.6954
330	78.3594	78.6719
331	78.3594	78.624
332	78.3594	78.5354
333	78.3594	78.4475
334	78.3594	78.3857
335	78.3594	78.3596
336	78.3594	78.3594
337	78.3594	78.3594
338	78.3594	78.3594
339	78.3594	78.3598
340	78.3594	78.3594
341	78.3594	78.3594
342	78.3594	78.3594
343	78.3594	78.3594
344	78.3594	78.3594
345	78.3594	78.3594
346	78.3594	78.3594
347	78.3594	78.3594
348	78.3594	78.3594
349	78.3594	78.3594
350	78.3594	78.3594
351	78.3594	78.3594
352	78.3594	78.3594
353	78.3594	78.3594
354	78.3594	78.3594
355	78.3594	78.3594
356	78.3594	78.3594
357	78.3594	78.3594
358	78.3594	78.3594
359	78.1413	78.8389
360	78.1413	79.5354
361	78.1413	81.6192
362	78.1413	83.0782
363	78.1413	83.523
364	78.1413	83.7002
365	78.1413	84.2365
366	78.1413	83.156
367	78.1413	81.4103
368	78.1413	80.5432
369	78.1413	79.2755
370	78.1413	78.4439
371	78.1413	78.3135
372	78.1413	78.1413
373	78.1413	78.1413
374	77.8135	78.125
375	77.8135	78.0646
376	77.8135	77.9787
377	77.1184	77.8677
378	77.1184	77.7317
379	77.1184	77.5732
380	77.1184	77.3995
381	77.1184	77.2582
382	77.1184	77.1571
383	77.1184	77.1444
384	77.029	77.1182
385	77.029	77.1143
386	76.8576	77.1009
387	76.8576	77.0684
388	76.8576	77.0159
389	76.8576	76.9436
390	76.8576	76.902
391	76.8576	76.8668
392	76.8576	76.8576
393	76.3517	76.8566
394	76.3517	76.8333
395	76.3517	76.7416
396	76.3517	76.5969
397	76.3517	76.454
398	76.3517	76.3517
399	75.8025	76.3228
400	75.4064	76.1998
401	75.4064	76.0203
402	73.3805	75.8188
403	73.3805	76.2315
404	73.3805	78.2125
405	73.3805	80.0144
406	73.3805	81.5598
407	73.3805	81.9504
408	73.3805	81.4255
409	73.3805	81.0149
410	73.3805	79.4338
411	73.3805	77.2429
412	73.3805	76.5276
413	73.3805	75.9719
414	73.3805	74.3763
415	73.3805	73.6089
416	73.0613	73.537
417	73.0613	73.3942
418	73.0613	73.3269
419	73.0613	73.2528
420	73.0613	73.1749
421	73.0613	73.0912
422	73.0613	73.0613
423	73.0613	73.0613
424	73.0613	73.0613
425	73.0613	73.0613
426	73.0613	73.0613
427	73.0613	73.0613
428	72.5468	73.0603
429	72.5468	73.0356
430	72.5468	72.9419
431	72.5468	72.8115
432	72.1095	72.6627
433	72.1095	72.5489
434	72.1095	72.5042
435	72.1095	72.413
436	72.1095	72.3185
437	72.1095	72.1694
438	72.1095	72.1095
439	72.1095	72.1095
440	72.1095	72.1095
441	72.1095	72.1095
442	72.1095	72.1095
443	72.1095	72.1095
444	72.1095	72.1095
445	72.1095	72.1095
446	72.1095	72.1095
447	72.1095	72.1095
448	72.1095	72.1095
449	72.1095	72.1095
450	72.1095	72.1095
451	72.1095	72.1095
452	72.1095	72.1095
453	72.1095	72.1095
454	72.1095	72.1095
455	72.1095	72.1095
456	72.1095	72.1095
457	72.1095	72.1095
458	72.1095	72.1095
459	72.1095	72.1095
460	72.1095	72.1095
461	71.9173	72.0976
462	71.9173	72.0637
463	71.9173	72.0107
464	71.9173	71.9546
465	71.9173	71.9234
466	71.9173	71.9173
467	71.9173	71.9173
468	71.9173	71.9173
469	71.9173	71.9173
470	71.9173	71.9173
471	71.9173	71.9173
472	71.9173	71.9173
473	71.9173	71.9173
474	71.9173	71.9173
475	71.9173	71.9173
476	71.9173	71.9173
477	71.9173	71.9173
478	71.9173	71.9173
479	71.7271	71.9093
480	71.7271	71.8757
481	71.7009	71.8228
482	71.6668	71.7763
483	71.6406	71.7273
484	71.6406	71.7015
485	71.6406	71.679
486	71.6406	71.6588
487	71.6406	71.6446
488	71.6406	71.6406
489	71.6406	71.6406
490	71.6406	71.6406
491	71.6406	71.6406
492	71.6406	71.6406
493	71.6406	71.6406
494	71.6406	71.6406
495	71.6406	71.6406
496	71.6406	71.6406
497	71.6406	71.6406
498	71.6406	71.6406
499	71.6406	71.6406
500	71.6406	71.6406
501	71.6406	71.6406
502	69.8867	71.4778
503	69.8867	71.2532
504	69.8867	70.998
505	69.8867	70.6918
506	69.8867	70.3167
507	69.8867	69.9354
508	69.8867	69.8867
509	69.8867	69.8867
510	69.8867	69.8867
511	69.8867	69.8867
512	69.8867	69.8867
513	69.693	69.8809
514	69.5032	69.8554
515	69.5032	69.8109
516	69.5032	69.7643
517	69.5032	69.7536
518	69.5032	69.6072
519	69.5032	69.5458
520	69.5032	69.5161
521	69.5032	69.5079
522	69.5032	69.5032
523	69.5032	69.5032
524	69.5032	69.5032
525	69.5032	69.5032
526	69.5032	69.5032
527	69.5032	69.5032
528	69.5032	69.5032
529	68.9353	69.4816
530	68.9353	69.3711
531	68.9353	69.2166
532	68.9353	69.0825
533	68.9353	68.9792
534	68.9353	68.9353
535	68.7266	68.9349
536	68.7266	68.9232
537	68.7266	68.8832
538	68.7266	68.8113
539	68.7266	68.7587
540	68.7266	68.7299
541	68.7266	68.7266
542	68.7266	68.7266
543	68.7266	68.7266
544	68.7266	68.7266
545	68.7266	68.7266
546	68.7266	68.7266
547	68.7266	68.7266
548	68.7266	68.7266
549	68.7266	68.7266
550	68.7266	68.7266
551	68.7266	68.7266
552	68.7266	68.7266
553	68.7266	68.7266
554	68.7266	68.7266
555	68.7266	68.7266
556	68.7266	68.7266
557	68.7266	68.7266
558	68.7266	68.7266
559	68.6756	68.7265
560	68.6756	68.7245
561	68.6756	68.7163
562	68.5042	68.7015
563	68.5042	68.6764
564	68.5042	68.6342
565	68.5042	68.58
566	68.5042	68.5365
567	68.5042	68.5171
568	68.5042	68.5042
569	68.5042	68.5042
570	68.5042	68.5042
571	68.5042	68.5042
572	68.5042	68.5042
573	68.5042	68.5042
574	68.5042	68.5042
575	68.5042	68.5042
576	68.5042	68.5042
577	68.5042	68.5042
578	68.5042	68.5042
579	68.5042	68.5042
580	68.5042	68.5042
581	68.5042	68.5042
582	68.5042	68.5042
583	68.5042	68.5042
584	68.5042	68.5042
585	68.5042	68.5042
586	68.5042	68.5042
587	68.5042	68.5042
588	68.5042	68.5042
589	68.5042	68.5042
590	68.5042	68.5042
591	68.5042	68.5042
592	68.5042	68.5042
593	68.5042	68.5042
594	68.5042	68.5042
595	68.5042	68.5042
596	68.5042	68.5042
597	68.5042	68.5042
598	68.5042	68.5042
599	68.5042	68.5042
600	68.5042	68.5042
601	68.5042	68.5042
602	68.5042	68.5042
603	68.5042	68.5042
604	68.5042	68.5042
605	68.5042	68.5042
606	68.5042	68.5042
607	68.5042	68.5042
608	68.5042	68.5042
609	68.5042	68.5042
610	68.5042	68.5042
611	68.5042	68.5042
612	68.5042	68.5042
613	68.5042	68.5042
614	68.5042	68.5042
615	68.5042	68.5042
616	68.5042	68.5042
617	68.5042	68.5042
618	68.5042	68.5042
619	68.5042	68.5042
620	68.5042	68.5042
621	68.5042	68.5042
622	68.5042	68.5042
623	68.5042	68.5042
624	68.5042	68.5042
625	68.5042	68.5042
626	68.5042	68.5042
627	68.5042	68.5042
628	68.5042	68.5042
629	68.5042	68.5042
630	68.5042	68.5042
631	68.5042	68.5042
632	68.5042	68.5042
633	68.5042	68.5042
634	68.5042	68.5042
635	68.5042	68.5042
636	68.5042	68.5042
637	68.5042	68.5042
638	68.5042	68.5042
639	68.5042	68.5042
640	68.5042	68.5042
641	68.5042	68.5042
642	68.5042	68.5042
643	68.5042	68.5042
644	68.5042	68.5042
645	68.5042	68.5042
646	68.5042	68.5042
647	68.5042	68.5042
648	68.5042	68.5042
649	68.5042	68.5042
650	68.5042	68.5042
651	68.5042	68.5042
652	68.5042	68.5042
653	68.5042	68.5042
654	68.5042	68.5042
655	68.5042	68.5042
656	68.5042	68.5042
657	68.5042	68.5042
658	68.5042	68.5042
659	68.5042	68.5042
660	68.5042	68.5042
661	68.5042	68.5042
662	68.5042	68.5042
663	68.5042	68.5042
664	68.5042	68.5042
665	68.5042	68.5042
666	68.5042	68.5042
667	68.5042	68.5042
668	68.5042	68.5042
669	68.5042	68.5042
670	68.5042	68.5042
671	68.5042	68.5042
672	68.5042	68.5042
673	68.5042	68.5042
674	68.5042	68.5042
675	68.5042	68.5042
676	68.5042	68.5042
677	68.5042	68.5042
678	68.5042	68.5042
679	68.5042	68.5042
680	68.5042	68.5042
681	68.5042	68.5042
682	68.5042	68.5042
683	68.5042	68.5042
684	68.5042	68.5042
685	68.5042	68.5042
686	68.5042	68.5042
687	68.5042	68.5042
688	68.5042	68.5042
689	68.5042	68.5042
690	68.5042	68.5042
691	68.5042	68.5042
692	68.5042	68.5042
693	68.5042	68.5042
694	68.5042	68.5042
695	68.5042	68.5042
696	68.5042	68.5042
697	68.5042	68.5042
698	68.5042	68.5042
699	68.5042	68.5042
700	68.5042	68.5042
701	68.5042	68.5042
702	68.5042	68.5042
703	68.1951	68.5036
704	68.1951	68.4835
705	68.1951	68.4211
706	68.1951	68.3339
707	68.1951	68.2639
708	68.1951	68.2011
709	67.5802	68.1939
710	68.1951	68.1951
711	68.1951	68.1951
712	68.1951	68.1951
713	68.1951	68.1951
714	68.1951	68.1951
715	68.1951	68.1951
716	68.1951	68.1951
717	68.1951	68.1951
718	68.1951	68.1951
719	68.1951	68.1951
720	68.1951	68.1951
721	68.1951	68.1951
722	68.1951	68.1951
723	68.1951	68.1951
724	67.5802	68.1939
725	67.5802	68.1525
726	67.5802	68.0529
727	67.5802	67.906
728	67.5802	67.7578
729	67.5802	67.7516
730	67.5802	69.1362
731	67.5802	71.0718
732	67.5802	71.8681
733	67.5802	73.3869
734	67.5802	73.2951
735	67.5802	72.0942
736	67.5802	71.7764
737	67.5802	70.187
738	67.5802	69.559
739	67.5802	68.7856
740	67.5802	67.9083
741	67.5802	67.6814
742	67.5802	67.5802
743	67.5802	67.5802
744	67.5802	67.5802
745	67.5802	67.5802
746	67.5802	67.5802
747	67.5802	67.5802
748	67.5802	67.5802
749	67.5802	67.5802
750	67.5802	67.5802
751	67.5802	67.5802
752	67.5802	67.5802
753	67.5802	67.5802
754	67.5802	67.5802
755	67.5802	67.5802
756	67.5802	67.5802
757	67.5802	67.5802
758	67.5802	67.5802
759	67.5802	67.5802
760	67.5802	67.5802
761	67.5802	67.5802
762	67.5802	67.5802
763	67.5802	67.5802
764	67.5802	67.5802
765	67.5802	67.5802
766	67.5802	67.5802
767	67.5802	67.5802
768	67.5802	67.5802
769	67.5802	67.5802
770	67.5802	67.5802
771	67.5802	67.5802
772	67.5802	67.5802
773	67.5802	67.5802
774	67.5802	67.5802
775	67.5802	67.5802
776	67.5802	67.5802
777	67.5802	67.5802
778	67.5802	67.5802
779	67.5802	67.5802
780	67.5802	67.5802
781	67.5802	67.5802
782	67.5802	67.5802
783	67.5802	67.5802
784	67.5802	67.5802
785	67.5802	67.5802
786	67.5802	67.5802
787	67.5802	67.5802
788	67.5802	67.5802
789	67.5802	67.5802
790	67.5802	67.5802
791	67.5802	67.5802
792	67.5802	67.5802
793	67.5802	67.5802
794	67.5802	67.5802
795	67.5802	67.5802
796	67.5802	67.5802
797	67.5802	67.5802
798	67.5802	67.5802
799	67.5802	67.5802
800	67.5802	67.5802
801	67.5802	67.5802
802	67.5802	67.5802
803	67.5802	67.5802
804	67.5802	67.5802
805	67.5802	67.5802
806	67.5802	67.5802
807	67.5802	67.5802
808	67.5802	67.5802
809	67.5802	67.5802
810	67.5802	67.5802
811	67.5802	67.5802
812	67.5802	67.5802
813	67.5802	67.5802
814	67.5802	67.5802
815	67.5802	67.5802
816	67.5802	67.5802
817	67.5802	67.5802
818	67.5802	67.5802
819	67.5802	67.5802
820	67.5802	67.5802
821	67.5802	67.5802
822	67.5802	67.5802
823	67.5802	67.5802
824	67.5802	67.5802
825	67.5802	67.5802
826	67.5802	67.5802
827	67.5802	67.5802
828	67.5802	67.5802
829	67.5802	67.5802
830	67.5802	67.5802
831	67.5802	67.5802
832	67.5802	67.5802
833	67.5802	67.5802
834	67.5802	67.5802
835	67.5802	67.5802
836	67.5802	67.5802
837	67.5802	67.5802
838	67.5802	67.5802
839	67.5802	67.5802
840	67.5802	67.5802
841	67.5802	67.5802
842	67.5802	67.5802
843	67.5802	67.5802
844	67.5802	67.5802
845	67.5802	67.5802
846	67.5802	67.5802
847	67.5802	67.5802
848	67.5802	67.5802
849	67.5802	67.5802
850	67.5802	67.5802
851	67.5802	67.5802
852	67.5802	67.5802
853	67.5802	67.5802
854	67.5802	67.5802
855	67.5802	67.5802
856	67.5802	67.5802
857	67.5802	67.5802
858	67.5802	67.5802
859	67.5802	67.5802
860	67.5802	67.5802
861	67.5802	67.5802
862	67.5802	67.5802
863	67.5802	67.5802
864	67.5802	67.5802
865	67.5802	67.5802
866	67.5802	67.5802
867	67.5802	67.5802
868	67.5802	67.5802
869	67.5802	67.5802
870	67.5802	67.5802
871	67.5802	67.5802
872	67.5802	67.5802
873	67.5802	67.5802
874	67.5802	67.5802
875	67.5802	67.5802
876	67.5802	67.5802
877	67.5802	67.5802
878	67.5802	67.5802
879	67.5802	67.5802
880	67.5802	67.5802
881	67.5802	67.5802
882	67.5802	67.5802
883	67.5802	67.5802
884	67.5802	67.5802
885	67.5802	67.5802
886	67.5802	67.5802
887	67.5802	67.5802
888	67.5802	67.5802
889	67.5802	67.5802
890	67.5802	67.5802
891	67.5802	67.5802
892	67.5802	67.5802
893	67.5802	67.5802
894	67.5802	67.5802
895	67.5802	67.5802
896	67.5802	67.5802
897	67.5802	67.5802
898	67.5802	67.5802
899	67.5802	67.5802
900	67.5802	67.5802
901	67.5802	67.5802
902	66.8303	67.5796
903	66.8303	68.2677
904	66.8303	70.2865
905	66.8303	71.2094
906	66.8303	72.8204
907	66.8303	73.3229
908	66.8303	74.8404
909	66.8303	73.9818
910	66.8303	72.5702
911	66.8303	71.2045
912	66.8303	69.4565
913	66.8303	68.9217
914	66.8303	67.8298
915	66.8303	66.9231
916	66.8303	66.8303
917	66.8303	66.9162
918	66.8303	66.8303
919	66.8303	66.8303
920	66.8303	66.8303
921	66.8303	66.8303
922	66.8303	66.8303
923	66.8303	66.8303
924	66.8303	66.8303
925	66.8303	66.8303
926	66.8303	66.8303
927	66.8303	66.8303
928	66.8303	66.8303
929	66.8303	66.8303
930	66.8303	66.8303
931	66.8303	66.8303
932	66.8303	66.8303
933	66.8303	66.8303
934	66.8303	66.8303
935	66.8303	66.8303
936	66.8303	66.8303
937	66.8303	66.8303
938	66.8303	66.8303
939	66.8303	66.8303
940	66.8303	66.8303
941	66.8303	66.8303
942	66.8303	66.8303
943	66.8303	66.8303
944	66.8303	66.8303
945	66.8303	66.8303
946	66.8303	66.8303
947	66.8303	66.8303
948	66.8303	66.8303
949	66.8303	66.8303
950	66.8303	66.8303
951	66.8303	66.8303
952	66.8303	66.8303
953	66.8303	66.8303
954	66.8303	66.8303
955	66.8303	66.8303
956	66.8303	66.8303
957	66.8303	66.8303
958	66.8303	66.8303
959	66.8303	66.8303
960	66.8303	66.8303
961	66.8303	66.8303
962	66.8303	66.8303
963	66.8303	66.8303
964	66.8303	66.8303
965	66.8303	66.8303
966	66.8303	66.8303
967	66.8303	66.8303
968	66.8303	66.8303
969	66.8303	66.8303
970	66.8303	66.8303
971	66.8303	66.8303
972	66.8303	66.8303
973	66.8303	66.8303
974	66.8303	66.8303
975	66.8303	66.8303
976	66.8303	66.8303
977	66.8303	66.8303
978	66.8303	66.8303
979	66.8303	66.8303
980	66.8303	66.8303
981	66.8303	66.8303
982	66.8303	66.8303
983	66.8303	66.8303
984	66.8303	66.8303
985	66.8303	66.8303
986	66.8303	66.8303
987	66.8303	66.8303
988	66.8303	66.8303
989	66.8303	66.8303
990	66.8303	66.8303
991	66.8303	66.8303
992	66.8303	66.8303
993	66.8303	66.8303
994	66.8303	66.8303
995	66.8303	66.8303
996	66.8303	66.8303
997	66.8303	66.8303
998	66.8303	66.8303
999	66.8303	66.8303
1000	66.8303	66.8303
1001	66.8303	66.8303
1002	66.8303	66.8303
1003	66.8303	66.8303
1004	66.8303	66.8303
1005	66.8303	66.8303
1006	66.8303	66.8303
1007	66.8303	66.8303
1008	66.8303	66.8303
1009	66.8303	66.8303
1010	66.8303	66.8303
1011	66.8303	66.8303
1012	66.8303	66.8303
1013	66.8303	66.8303
1014	66.8303	66.8303
1015	66.8303	66.8303
1016	66.8303	66.8303
1017	66.8303	66.8303
1018	66.8303	66.8303
1019	66.8303	66.8303
1020	66.8303	66.8303
1021	66.8303	66.8303
1022	66.8303	66.8303
1023	66.8303	66.8303
1024	66.8303	66.8303
1025	66.8303	66.8303
1026	66.8303	66.8303
1027	66.8303	66.8303
1028	66.8303	66.8303
1029	66.8303	66.8303
1030	66.8303	66.8303
1031	66.8303	66.8303
1032	66.8303	66.8303
1033	66.8303	66.8303
1034	66.8303	66.8303
1035	66.8303	66.8303
1036	66.8303	66.8303
1037	66.8303	66.8303
1038	66.8303	66.8303
1039	66.8303	66.8303
1040	66.8303	66.8303
1041	66.8303	66.8303
1042	66.8303	66.8303
1043	66.8303	66.8303
1044	66.8303	66.8303
1045	66.8303	66.8303
1046	66.8303	66.8303
1047	66.8303	66.8303
1048	66.8303	66.8303
1049	66.8303	66.8303
1050	66.8303	66.8303
1051	66.8303	66.8303
1052	66.8303	66.8303
1053	66.8303	66.8303
1054	66.8303	66.8303
1055	66.8303	66.8303
1056	66.8303	66.8303
1057	66.8303	66.8303
1058	66.8303	66.8303
1059	66.8303	66.8303
1060	66.8303	66.8303
1061	66.8303	66.8303
1062	66.8303	66.8303
1063	66.8303	66.8303
1064	66.8303	66.8303
1065	66.8303	66.8303
1066	66.8303	66.8303
1067	66.8303	66.8303
1068	66.8303	66.8303
1069	66.8303	66.8303
1070	66.8303	66.8303
1071	66.8303	66.8303
1072	66.8303	66.8303
1073	66.8303	66.8303
1074	66.8303	66.8303
1075	66.8303	66.8303
1076	66.8303	66.8303
1077	66.8303	66.8303
1078	66.8303	66.8303
1079	66.8303	66.8303
1080	66.8303	66.8303
1081	66.8303	66.8303
1082	66.8303	66.8303
1083	66.8303	66.8303
1084	66.8303	66.8303
1085	66.8303	66.8303
1086	66.8303	66.8303
1087	66.8303	66.8303
1088	66.8303	66.8303
1089	66.8303	66.8303
1090	66.8303	66.8303
1091	66.8303	66.8303
1092	66.8303	66.8303
1093	66.8303	66.8303
1094	66.8303	66.8303
1095	66.8303	66.8303
1096	66.8303	66.8303
1097	66.8303	66.8303
1098	66.8303	66.8303
1099	66.8303	66.8303
1100	66.8303	66.8303
1101	66.8303	66.8303
1102	66.8303	66.8303
1103	66.8303	66.8303
1104	66.8303	66.8303
1105	66.8303	66.8303
1106	66.8303	66.8303
1107	66.8303	66.8303
1108	66.8303	66.8303
1109	66.8303	66.8303
1110	66.8303	66.8303
1111	66.8303	66.8303
1112	66.8303	66.8303
1113	66.8303	66.8303
1114	66.8303	66.8303
1115	66.8303	66.8303
1116	66.8303	66.8303
1117	66.8303	66.8303
1118	66.8303	66.8303
1119	66.8303	66.8303
1120	66.8303	66.8303
1121	66.8303	66.8303
1122	66.8303	66.8303
1123	66.8303	66.8303
1124	66.8303	66.8303
1125	66.8303	66.8303
1126	66.8303	66.8303
1127	66.8303	66.8303
1128	66.8303	66.8303
1129	66.8303	66.8303
1130	66.8303	66.8303
1131	66.8303	66.8303
1132	66.8303	66.8303
1133	66.8303	66.8303
1134	66.8303	66.8303
1135	66.8303	66.8303
1136	66.8303	66.8303
1137	66.8303	66.8303
1138	66.8303	66.8303
1139	66.8303	66.8303
1140	66.8303	66.8303
1141	66.8303	66.8303
1142	66.8303	66.8303
1143	66.8303	66.8303
1144	66.8303	66.8303
1145	66.8303	66.8303
1146	66.8303	66.8303
1147	66.8303	66.8303
1148	66.8303	66.8303
1149	66.8303	66.8303
1150	66.8303	66.8303
1151	66.8303	66.8303
1152	66.8303	66.8303
1153	66.8303	66.8303
1154	66.8303	66.8303
1155	66.8303	66.8303
1156	66.8303	66.8303
1157	66.8303	66.8303
1158	66.8303	66.8303
1159	66.8303	66.8303
1160	66.8303	66.8303
1161	66.8303	66.8303
1162	66.8303	66.8303
1163	66.8303	66.8303
1164	66.8303	66.8303
1165	66.8303	66.8303
1166	66.8303	66.8303
1167	66.8303	66.8303
1168	66.8303	66.8303
1169	66.8303	66.8303
1170	66.8303	66.8303
1171	66.8303	66.8303
1172	66.8303	66.8303
1173	66.8303	66.8303
1174	66.8303	66.8303
1175	66.8303	66.8303
1176	66.8303	66.8303
1177	66.8303	66.8303
1178	66.8303	66.8303
1179	66.8303	66.8303
1180	66.8303	66.8303
1181	66.8303	66.8303
1182	66.8303	66.8303
1183	66.8303	66.8303
1184	66.8303	66.8303
1185	66.8303	66.8303
1186	66.8303	66.8303
1187	66.8303	66.8303
1188	66.8303	66.8303
1189	66.8303	66.8303
1190	66.8303	66.8303
1191	66.8303	66.8303
1192	66.8303	66.8303
1193	66.8303	66.8303
1194	66.8303	66.8303
1195	66.8303	66.8303
1196	66.8303	66.8303
1197	66.8303	66.8303
1198	66.8303	66.8303
1199	66.8303	66.8303
1200	66.8303	66.8303
1201	66.8303	66.8303
1202	66.4393	66.7849
1203	66.4393	66.6826
1204	66.4393	66.5691
1205	66.4393	66.5003
1206	66.4393	66.446
1207	66.4393	66.4393
1208	66.4393	66.4393
1209	66.4393	66.4393
1210	66.4393	66.4393
1211	66.4393	66.4393
1212	66.4393	66.4393
1213	66.4393	66.4393
1214	66.4393	66.4393
1215	66.4393	66.4393
1216	66.4393	66.4393
1217	66.4393	66.4393
1218	66.4393	66.4393
1219	66.4393	66.4393
1220	66.4393	66.4393
1221	66.4393	66.4393
1222	66.4393	66.4393
1223	66.4393	66.4393
1224	66.4393	66.4393
1225	66.4393	66.4393
1226	66.4393	66.4393
1227	66.4393	66.4393
1228	66.4393	66.4393
1229	66.4393	66.4393
1230	66.4393	66.4393
1231	66.4393	66.4393
1232	66.4393	66.4393
1233	66.4393	66.4393
1234	66.4393	66.4393
1235	66.4393	66.4393
1236	66.4393	66.4393
1237	66.4393	66.4393
1238	66.4393	66.4393
1239	66.4393	66.4393
1240	66.4393	66.4393
1241	66.4393	66.4393
1242	66.4393	66.4393
1243	66.4393	66.4393
1244	66.4393	66.4393
1245	66.4393	66.4393
1246	66.4393	66.4393
1247	66.4393	66.4393
1248	66.4393	66.4393
1249	66.4393	66.4393
1250	66.4393	66.4393
1251	66.4393	66.4393
1252	66.4393	66.4393
1253	66.4393	66.4393
1254	66.4393	66.4393
1255	66.4393	66.4393
1256	66.4393	66.4393
1257	66.4393	66.4393
1258	66.4393	66.4393
1259	66.4393	66.4393
1260	66.4393	66.4393
1261	66.4393	66.4393
1262	66.4393	66.4393
1263	66.4393	66.4393
1264	66.4393	66.4393
1265	66.4393	66.4393
1266	66.4393	66.4393
1267	66.4393	66.4393
1268	66.4393	66.4393
1269	66.4393	66.4393
1270	66.4393	66.4393
1271	66.4393	66.4393
1272	66.4393	66.4393
1273	66.4393	66.4393
1274	66.4393	66.4393
1275	66.4393	66.4393
1276	66.4393	66.4393
1277	66.4393	66.4393
1278	66.4393	66.4393
1279	66.4393	66.4393
1280	66.4393	66.4393
1281	66.4393	66.4393
1282	66.4393	66.4393
1283	66.4393	66.4393
1284	66.4393	66.4393
1285	66.4393	66.4393
1286	66.4393	66.4393
1287	66.4393	66.4393
1288	66.4393	66.4393
1289	66.4393	66.4393
1290	66.4393	66.4393
1291	66.4393	66.4393
1292	66.4393	66.4393
1293	66.4393	66.4393
1294	66.4393	66.4393
1295	66.4393	66.4393
1296	66.4393	66.4393
1297	66.4393	66.4393
1298	66.4393	66.4393
1299	66.4393	66.4393
1300	66.4393	66.4393
1301	66.4393	66.4393
1302	66.4393	66.4393
1303	66.4393	66.4393
1304	66.4393	66.4393
1305	66.4393	66.4393
1306	66.4393	66.4393
1307	66.4393	66.4393
1308	66.4393	66.4393
1309	66.4393	66.4393
1310	66.4393	66.4393
1311	66.4393	66.4393
1312	66.4393	66.4393
1313	66.4393	66.4393
1314	66.4393	66.4393
1315	66.4393	66.4393
1316	66.4393	66.4393
1317	66.4393	66.4393
1318	66.4393	66.4393
1319	66.4393	66.4393
1320	66.4393	66.4393
1321	66.4393	66.4393
1322	66.4393	66.4393
1323	66.4393	66.4393
1324	66.4393	66.4393
1325	66.4393	66.4393
1326	66.4393	66.4393
1327	66.4393	66.4393
1328	66.4393	66.4393
1329	66.4393	66.4393
1330	66.4393	66.4393
1331	66.4393	66.4393
1332	66.4393	66.4393
1333	66.4393	66.4393
1334	66.4393	66.4393
1335	66.4393	66.4393
1336	66.4393	66.4393
1337	66.4393	66.4393
1338	66.4393	66.4393
1339	66.4393	66.4393
1340	66.4393	66.4393
1341	66.4393	66.4393
1342	66.4393	66.4393
1343	66.4393	66.4393
1344	66.4393	66.4393
1345	66.4393	66.4393
1346	66.4393	66.4393
1347	66.4393	66.4393
1348	66.4393	66.4393
1349	66.4393	66.4393
1350	66.4393	66.4393
1351	66.4393	66.4393
1352	66.4393	66.4393
1353	66.4393	66.4393
1354	66.4393	66.4393
1355	66.4393	66.4393
1356	66.4393	66.4393
1357	66.4393	66.4393
1358	66.4393	66.4393
1359	66.4393	66.4393
1360	66.4393	66.4393
1361	66.4393	66.4393
1362	66.4393	66.4393
1363	66.4393	66.4393
1364	66.4393	66.4393
1365	66.4393	66.4393
1366	66.4393	66.4393
1367	66.4393	66.4393
1368	66.4393	66.4393
1369	66.4393	66.4393
1370	66.4393	66.4393
1371	66.4393	66.4393
1372	66.4393	66.4393
1373	66.4393	66.4393
1374	66.4393	66.4393
1375	66.4393	66.4393
1376	66.4393	66.4393
1377	66.4393	66.4393
1378	66.4393	66.4393
1379	66.4393	66.4393
1380	66.4393	66.4393
1381	66.4393	66.4393
1382	66.4393	66.4393
1383	66.4393	66.4393
1384	66.4393	66.4393
1385	66.4393	66.4393
1386	66.4393	66.4393
1387	66.4393	66.4393
1388	66.4393	66.4393
1389	66.4393	66.4393
1390	66.4393	66.4393
1391	66.4393	66.4393
1392	66.4393	66.4393
1393	66.4393	66.4393
1394	66.4393	66.4393
1395	66.4393	66.4393
1396	66.4393	66.4393
1397	66.4393	66.4393
1398	66.4393	66.4393
1399	66.4393	66.4393
1400	66.4393	66.4393
1401	66.4393	66.4393
1402	66.4393	66.4393
1403	66.4393	66.4393
1404	66.4393	66.4393
1405	66.4393	66.4393
1406	66.4393	66.4393
1407	66.4393	66.4393
1408	66.4393	66.4393
1409	66.4393	66.4393
1410	66.4393	66.4393
1411	66.4393	66.4393
1412	66.4393	66.4393
1413	66.4393	66.4393
1414	66.4393	66.4393
1415	66.4393	66.4393
1416	66.4393	66.4393
1417	66.4393	66.4393
1418	66.4393	66.4393
1419	66.4393	66.4393
1420	66.4393	66.4393
1421	66.4393	66.4393
1422	66.4393	66.4393
1423	66.4393	66.4393
1424	66.4393	66.4393
1425	66.4393	66.4393
1426	66.4393	66.4393
1427	66.4393	66.4393
1428	66.4393	66.4393
1429	66.4393	66.4393
1430	66.4393	66.4393
1431	66.4393	66.4393
1432	66.4393	66.4393
1433	66.4393	66.4393
1434	66.4393	66.4393
1435	66.4393	66.4393
1436	66.4393	66.4393
1437	66.4393	66.4393
1438	66.4393	66.4393
1439	66.4393	66.4393
1440	66.4393	66.4393
1441	66.4393	66.4393
1442	66.4393	66.4393
1443	66.4393	66.4393
1444	66.4393	66.4393
1445	66.4393	66.4393
1446	66.4393	66.4393
1447	66.4393	66.4393
1448	66.4393	66.4393
1449	66.4393	66.4393
1450	66.4393	66.4393
1451	66.4393	66.4393
1452	66.4393	66.4393
1453	66.4393	66.4393
1454	66.4393	66.4393
1455	66.4393	66.4393
1456	66.4393	66.4393
1457	66.4393	66.4393
1458	66.4393	66.4393
1459	66.4393	66.4393
1460	66.4393	66.4393
1461	66.4393	66.4393
1462	66.4393	66.4393
1463	66.4393	66.4393
1464	66.4393	66.4393
1465	66.4393	66.4393
1466	66.4393	66.4393
1467	66.4393	66.4393
1468	66.4393	66.4393
1469	66.4393	66.4393
1470	66.4393	66.4393
1471	66.4393	66.4393
1472	66.4393	66.4393
1473	66.4393	66.4393
1474	66.4393	66.4393
1475	66.4393	66.4393
1476	66.4393	66.4393
1477	66.4393	66.4393
1478	66.4393	66.4393
1479	66.4393	66.4393
1480	66.4393	66.4393
1481	66.4393	66.4393
1482	66.4393	66.4393
1483	66.4393	66.4393
1484	66.4393	66.4393
1485	66.4393	66.4393
1486	66.4393	66.4393
1487	66.4393	66.4393
1488	66.4393	66.4393
1489	66.4393	66.4393
1490	66.4393	66.4393
1491	66.4393	66.4393
1492	66.4393	66.4393
1493	66.4393	66.4393
1494	66.4393	66.4393
1495	66.4393	66.4393
1496	66.4393	66.4393
1497	66.4393	66.4393
1498	66.4393	66.4393
1499	66.4393	66.4393
1500	66.4393	66.4393
1501	66.4393	66.4393
1502	66.0316	66.4155
1503	66.0316	66.3682
1504	66.0316	66.4274
1505	66.0316	66.5901
1506	66.0316	66.8297
1507	66.0316	66.6288
1508	66.0316	66.3641
1509	66.0316	66.0469
1510	66.0316	66.0351
1511	66.0316	66.0316
1512	66.0316	66.0316
1513	66.0316	66.0316
1514	66.0316	66.0316
1515	66.0316	66.0316
1516	66.0316	66.0316
1517	66.0316	66.0316
1518	66.0316	66.0316
1519	66.0316	66.0316
1520	66.0316	66.0316
1521	66.0316	66.0316
1522	66.0316	66.0316
1523	66.0316	66.0316
1524	66.0316	66.0316
1525	66.0316	66.0316
1526	66.0316	66.0316
1527	66.0316	66.0316
1528	66.0316	66.0316
1529	66.0316	66.0316
1530	66.0316	66.0316
1531	66.0316	66.0316
1532	66.0316	66.0316
1533	66.0316	66.0316
1534	66.0316	66.0316
1535	66.0316	66.0316
1536	66.0316	66.0316
1537	66.0316	66.0316
1538	66.0316	66.0316
1539	66.0316	66.0316
1540	66.0316	66.0316
1541	66.0316	66.0316
1542	66.0316	66.0316
1543	66.0316	66.0316
1544	66.0316	66.0316
1545	66.0316	66.0316
1546	66.0316	66.0316
1547	66.0316	66.0316
1548	66.0316	66.0316
1549	66.0316	66.0316
1550	66.0316	66.0316
1551	66.0316	66.0316
1552	66.0316	66.0316
1553	66.0316	66.0316
1554	66.0316	66.0316
1555	66.0316	66.0316
1556	66.0316	66.0316
1557	66.0316	66.0316
1558	66.0316	66.0316
1559	66.0316	66.0316
1560	66.0316	66.0316
1561	66.0316	66.0316
1562	66.0316	66.0316
1563	66.0316	66.0316
1564	66.0316	66.0316
1565	66.0316	66.0316
1566	66.0316	66.0316
1567	66.0316	66.0316
1568	66.0316	66.0316
1569	66.0316	66.0316
1570	66.0316	66.0316
1571	66.0316	66.0316
1572	66.0316	66.0316
1573	66.0316	66.0316
1574	66.0316	66.0316
1575	66.0316	66.0316
1576	66.0316	66.0316
1577	66.0316	66.0316
1578	66.0316	66.0316
1579	66.0316	66.0316
1580	66.0316	66.0316
1581	66.0316	66.0316
1582	66.0316	66.0316
1583	66.0316	66.0316
1584	66.0316	66.0316
1585	66.0316	66.0316
1586	66.0316	66.0316
1587	66.0316	66.0316
1588	66.0316	66.0316
1589	66.0316	66.0316
1590	66.0316	66.0316
1591	66.0316	66.0316
1592	66.0316	66.0316
1593	66.0316	66.0316
1594	66.0316	66.0316
1595	66.0316	66.0316
1596	66.0316	66.0316
1597	66.0316	66.0316
1598	66.0316	66.0316
1599	66.0316	66.0316
1600	66.0316	66.0316
1601	66.0316	66.0316
1602	66.0175	66.0303
1603	66.0175	66.0268
1604	66.0175	66.0226
1605	66.0175	66.0191
1606	66.0175	66.0175
1607	66.0175	66.0175
1608	66.0175	66.0175
1609	66.0175	66.0175
1610	66.0175	66.0175
1611	66.0175	66.0175
1612	66.0175	66.0175
1613	66.0175	66.0175
1614	66.0175	66.0175
1615	66.0175	66.0175
1616	66.0175	66.0175
1617	66.0175	66.0175
1618	66.0175	66.0175
1619	66.0175	66.0175
1620	66.0175	66.0175
1621	66.0175	66.0175
1622	66.0175	66.0175
1623	66.0175	66.0175
1624	66.0175	66.0175
1625	66.0175	66.0175
1626	66.0175	66.0175
1627	66.0175	66.0175
1628	66.0175	66.0175
1629	66.0175	66.0175
1630	66.0175	66.0175
1631	66.0175	66.0175
1632	66.0175	66.0175
1633	66.0175	66.0175
1634	66.0175	66.0175
1635	66.0175	66.0175
1636	66.0175	66.0175
1637	66.0175	66.0175
1638	66.0175	66.0175
1639	66.0175	66.0175
1640	66.0175	66.0175
1641	66.0175	66.0175
1642	66.0175	66.0175
1643	66.0175	66.0175
1644	66.0175	66.0175
1645	66.0175	66.0175
1646	66.0175	66.0175
1647	66.0175	66.0175
1648	66.0175	66.0175
1649	66.0175	66.0175
1650	66.0175	66.0175
1651	66.0175	66.0175
1652	66.0175	66.0175
1653	66.0175	66.0175
1654	66.0175	66.0175
1655	66.0175	66.0175
1656	66.0175	66.0175
1657	66.0175	66.0175
1658	66.0175	66.0175
1659	66.0175	66.0175
1660	66.0175	66.0175
1661	66.0175	66.0175
1662	66.0175	66.0175
1663	66.0175	66.0175
1664	66.0175	66.0175
1665	66.0175	66.0175
1666	66.0175	66.0175
1667	66.0175	66.0175
1668	66.0175	66.0175
1669	66.0175	66.0175
1670	66.0175	66.0175
1671	66.0175	66.0175
1672	66.0175	66.0175
1673	66.0175	66.0175
1674	66.0175	66.0175
1675	66.0175	66.0175
1676	66.0175	66.0175
1677	66.0175	66.0175
1678	66.0175	66.0175
1679	66.0175	66.0175
1680	66.0175	66.0175
1681	66.0175	66.0175
1682	66.0175	66.0175
1683	66.0175	66.0175
1684	66.0175	66.0175
1685	66.0175	66.0175
1686	66.0175	66.0175
1687	66.0175	66.0175
1688	66.0175	66.0175
1689	66.0175	66.0175
1690	66.0175	66.0175
1691	66.0175	66.0175
1692	66.0175	66.0175
1693	66.0175	66.0175
1694	66.0175	66.0175
1695	66.0175	66.0175
1696	66.0175	66.0175
1697	66.0175	66.0175
1698	66.0175	66.0175
1699	66.0175	66.0175
1700	66.0175	66.0175
1701	66.0175	66.0175
1702	66.0175	66.0175
1703	66.0175	66.0175
1704	66.0175	66.0175
1705	66.0175	66.0175
1706	66.0175	66.0175
1707	66.0175	66.0175
1708	66.0175	66.0175
1709	66.0175	66.0175
1710	66.0175	66.0175
1711	66.0175	66.0175
1712	66.0175	66.0175
1713	66.0175	66.0175
1714	66.0175	66.0175
1715	66.0175	66.0175
1716	66.0175	66.0175
1717	66.0175	66.0175
1718	66.0175	66.0175
1719	66.0175	66.0175
1720	66.0175	66.0175
1721	66.0175	66.0175
1722	66.0175	66.0175
1723	66.0175	66.0175
1724	66.0175	66.0175
1725	66.0175	66.0175
1726	66.0175	66.0175
1727	66.0175	66.0175
1728	66.0175	66.0175
1729	66.0175	66.0175
1730	66.0175	66.0175
1731	66.0175	66.0175
1732	66.0175	66.0175
1733	66.0175	66.0175
1734	66.0175	66.0175
1735	66.0175	66.0175
1736	66.0175	66.0175
1737	66.0175	66.0175
1738	66.0175	66.0175
1739	66.0175	66.0175
1740	66.0175	66.0175
1741	66.0175	66.0175
1742	66.0175	66.0175
1743	66.0175	66.0175
1744	66.0175	66.0175
1745	66.0175	66.0175
1746	66.0175	66.0175
1747	66.0175	66.0175
1748	66.0175	66.0175
1749	66.0175	66.0175
1750	66.0175	66.0175
1751	66.0175	66.0175
1752	66.0175	66.0175
1753	66.0175	66.0175
1754	66.0175	66.0175
1755	66.0175	66.0175
1756	66.0175	66.0175
1757	66.0175	66.0175
1758	66.0175	66.0175
1759	66.0175	66.0175
1760	66.0175	66.0175
1761	66.0175	66.0175
1762	66.0175	66.0175
1763	66.0175	66.0175
1764	66.0175	66.0175
1765	66.0175	66.0175
1766	66.0175	66.0175
1767	66.0175	66.0175
1768	66.0175	66.0175
1769	66.0175	66.0175
1770	66.0175	66.0175
1771	66.0175	66.0175
1772	66.0175	66.0175
1773	66.0175	66.0175
1774	66.0175	66.0175
1775	66.0175	66.0175
1776	66.0175	66.0175
1777	66.0175	66.0175
1778	66.0175	66.0175
1779	66.0175	66.0175
1780	66.0175	66.0175
1781	66.0175	66.0175
1782	66.0175	66.0175
1783	66.0175	66.0175
1784	66.0175	66.0175
1785	66.0175	66.0175
1786	66.0175	66.0175
1787	66.0175	66.0175
1788	66.0175	66.0175
1789	66.0175	66.0175
1790	66.0175	66.0175
1791	66.0175	66.0175
1792	66.0175	66.0175
1793	66.0175	66.0175
1794	66.0175	66.0175
1795	66.0175	66.0175
1796	66.0175	66.0175
1797	66.0175	66.0175
1798	66.0175	66.0175
1799	66.0175	66.0175
1800	66.0175	66.0175
1801	66.0175	66.0175
1802	66.0175	66.0175
1803	66.0175	66.0175
1804	66.0175	66.0175
1805	66.0175	66.0175
1806	66.0175	66.0175
1807	66.0175	66.0175
1808	66.0175	66.0175
1809	66.0175	66.0175
1810	66.0175	66.0175
1811	66.0175	66.0175
1812	66.0175	66.0175
1813	66.0175	66.0175
1814	66.0175	66.0175
1815	66.0175	66.0175
1816	66.0175	66.0175
1817	66.0175	66.0175
1818	66.0175	66.0175
1819	66.0175	66.0175
1820	66.0175	66.0175
1821	66.0175	66.0175
1822	66.0175	66.0175
1823	66.0175	66.0175
1824	66.0175	66.0175
1825	66.0175	66.0175
1826	66.0175	66.0175
1827	66.0175	66.0175
1828	66.0175	66.0175
1829	66.0175	66.0175
1830	66.0175	66.0175
1831	66.0175	66.0175
1832	66.0175	66.0175
1833	66.0175	66.0175
1834	66.0175	66.0175
1835	66.0175	66.0175
1836	66.0175	66.0175
1837	66.0175	66.0175
1838	66.0175	66.0175
1839	66.0175	66.0175
1840	66.0175	66.0175
1841	66.0175	66.0175
1842	66.0175	66.0175
1843	66.0175	66.0175
1844	66.0175	66.0175
1845	66.0175	66.0175
1846	66.0175	66.0175
1847	66.0175	66.0175
1848	66.0175	66.0175
1849	66.0175	66.0175
1850	66.0175	66.0175
1851	66.0175	66.0175
1852	66.0175	66.0175
1853	66.0175	66.0175
1854	66.0175	66.0175
1855	66.0175	66.0175
1856	66.0175	66.0175
1857	66.0175	66.0175
1858	66.0175	66.0175
1859	66.0175	66.0175
1860	66.0175	66.0175
1861	66.0175	66.0175
1862	66.0175	66.0175
1863	66.0175	66.0175
1864	66.0175	66.0175
1865	66.0175	66.0175
1866	66.0175	66.0175
1867	66.0175	66.0175
1868	66.0175	66.0175
1869	66.0175	66.0175
1870	66.0175	66.0175
1871	66.0175	66.0175
1872	66.0175	66.0175
1873	66.0175	66.0175
1874	66.0175	66.0175
1875	66.0175	66.0175
1876	66.0175	66.0175
1877	66.0175	66.0175
1878	66.0175	66.0175
1879	66.0175	66.0175
1880	66.0175	66.0175
1881	66.0175	66.0175
1882	66.0175	66.0175
1883	66.0175	66.0175
1884	66.0175	66.0175
1885	66.0175	66.0175
1886	66.0175	66.0175
1887	66.0175	66.0175
1888	66.0175	66.0175
1889	66.0175	66.0175
1890	66.0175	66.0175
1891	66.0175	66.0175
1892	66.0175	66.0175
1893	66.0175	66.0175
1894	66.0175	66.0175
1895	66.0175	66.0175
1896	66.0175	66.0175
1897	66.0175	66.0175
1898	66.0175	66.0175
1899	66.0175	66.0175
1900	66.0175	66.0175
1901	66.0175	66.0175
1902	65.8163	66.0144
1903	65.8163	65.9904
1904	65.8163	65.9309
1905	65.8163	65.8844
1906	65.8163	65.8399
1907	65.8163	65.8163
1908	65.8163	65.8163
1909	65.8163	65.8163
1910	65.8163	65.8163
1911	65.8163	65.8163
1912	65.8163	65.8163
1913	65.8163	65.8163
1914	65.8163	65.8163
1915	65.8163	65.8163
1916	65.8163	65.8163
1917	65.8163	65.8163
1918	65.8163	65.8163
1919	65.8163	65.8163
1920	65.8163	65.8163
1921	65.8163	65.8163
1922	65.8163	65.8163
1923	65.8163	65.8163
1924	65.8163	65.8163
1925	65.8163	65.8163
1926	65.8163	65.8163
1927	65.8163	65.8163
1928	65.8163	65.8163
1929	65.8163	65.8163
1930	65.8163	65.8163
1931	65.8163	65.8163
1932	65.8163	65.8163
1933	65.8163	65.8163
1934	65.8163	65.8163
1935	65.8163	65.8163
1936	65.8163	65.8163
1937	65.8163	65.8163
1938	65.8163	65.8163
1939	65.8163	65.8163
1940	65.8163	65.8163
1941	65.8163	65.8163
1942	65.8163	65.8163
1943	65.8163	65.8163
1944	65.8163	65.8163
1945	65.8163	65.8163
1946	65.8163	65.8163
1947	65.8163	65.8163
1948	65.8163	65.8163
1949	65.8163	65.8163
1950	65.8163	65.8163
1951	65.8163	65.8163
1952	65.8163	65.8163
1953	65.8163	65.8163
1954	65.8163	65.8163
1955	65.8163	65.8163
1956	65.8163	65.8163
1957	65.8163	65.8163
1958	65.8163	65.8163
1959	65.8163	65.8163
1960	65.8163	65.8163
1961	65.8163	65.8163
1962	65.8163	65.8163
1963	65.8163	65.8163
1964	65.8163	65.8163
1965	65.8163	65.8163
1966	65.8163	65.8163
1967	65.8163	65.8163
1968	65.8163	65.8163
1969	65.8163	65.8163
1970	65.8163	65.8163
1971	65.8163	65.8163
1972	65.8163	65.8163
1973	65.8163	65.8163
1974	65.8163	65.8163
1975	65.8163	65.8163
1976	65.8163	65.8163
1977	65.8163	65.8163
1978	65.8163	65.8163
1979	65.8163	65.8163
1980	65.8163	65.8163
1981	65.8163	65.8163
1982	65.8163	65.8163
1983	65.8163	65.8163
1984	65.8163	65.8163
1985	65.8163	65.8163
1986	65.8163	65.8163
1987	65.8163	65.8163
1988	65.8163	65.8163
1989	65.8163	65.8163
1990	65.8163	65.8163
1991	65.8163	65.8163
1992	65.8163	65.8163
1993	65.8163	65.8163
1994	65.8163	65.8163
1995	65.8163	65.8163
1996	65.8163	65.8163
1997	65.8163	65.8163
1998	65.8163	65.8163
1999	65.8163	65.8163
2000	65.8163	65.8163
