# GEN: 	 LUNGHEZZA DEL MIGLIORE: 	 LUNGHEZZA MEDIA:
1	453.55	505.405
2	437.997	483.728
3	421.787	460.941
4	412.164	446.419
5	405.784	435.125
6	396.624	425.264
7	382.958	415.806
8	377.343	406.985
9	366.596	397.275
10	350.611	387.649
11	346.981	379.514
12	346.177	370.298
13	339.462	363.01
14	337.439	356.09
15	332.332	350.166
16	329.398	345.222
17	321.669	340.416
18	313.239	335.693
19	313.239	331.014
20	308.536	326.344
21	301.419	322.062
22	298.399	318.779
23	290.982	314.517
24	282.51	309.977
25	281.367	304.505
26	282.51	297.934
27	272.121	292.036
28	270.979	286.895
29	266.78	282.422
30	265.94	278.765
31	263.655	274.361
32	259.457	270.399
33	257.319	267.708
34	250.317	265.1
35	247.327	262.547
36	242.935	259.79
37	242.685	255.372
38	241.651	252.049
39	239.759	248.585
40	237.323	245.721
41	232.171	243.323
42	231.028	241.868
43	228.706	239.584
44	222.453	236.735
45	218.371	233.84
46	216.373	230.541
47	213.913	226.327
48	209.918	222.773
49	209.674	220.629
50	208.028	218.113
51	205.448	215.176
52	203.055	213.179
53	201.395	211.516
54	197.667	209.242
55	197.667	207.531
56	197.667	205.898
57	195.555	203.203
58	194.768	201.054
59	191.116	199.323
60	189.693	198.219
61	189.614	196.91
62	185.86	195.603
63	181.505	193.579
64	178.469	192.338
65	176.559	189.746
66	176.559	187.1
67	176.559	185.079
68	173.771	183.424
69	173.771	181.052
70	172.273	178.132
71	172.273	176.063
72	170.672	174.49
73	169.935	173.264
74	168.793	172.071
75	168.67	171.22
76	167.566	170.386
77	166.439	169.412
78	164.28	168.537
79	164.186	167.827
80	162.686	166.781
81	162.546	166.102
82	162.28	165.416
83	161.672	164.373
84	160.362	163.434
85	159.827	162.619
86	158.851	162.108
87	157.213	161.252
88	155.702	160.43
89	154.766	159.62
90	154.742	158.451
91	153.711	157.202
92	153.711	156.085
93	152.651	155.064
94	151.918	154.45
95	151.222	153.879
96	145.887	153.332
97	144.116	151.791
98	141.011	150.057
99	140.296	147.917
100	139.944	146.081
101	138.678	144.383
102	139.23	143.003
103	139.23	141.504
104	139.064	140.679
105	138.858	139.974
106	138.196	139.547
107	137.329	139.202
108	137.046	138.839
109	136.814	138.485
110	136.139	137.969
111	135.459	137.473
112	134.866	137.041
113	134.866	136.561
114	134.544	136.027
115	134.373	135.724
116	134.34	135.39
117	133.747	135.056
118	132.479	134.638
119	130.913	134.368
120	128.998	133.64
121	128.741	132.928
122	128.334	131.765
123	126.953	130.854
124	125.75	130.032
125	125.653	129.16
126	125.75	128.381
127	125.596	127.724
128	124.913	127.095
129	124.913	126.673
130	124.913	126.757
131	124.318	126.353
132	124.318	126.295
133	124.318	126.729
134	124.078	126.711
135	124.078	126.94
136	123.733	126.998
137	122.821	125.92
138	122.821	125.533
139	121.998	124.968
140	120.741	124.318
141	120.293	123.383
142	120.115	122.789
143	120.033	122.225
144	119.491	122.042
145	119.043	121.485
146	118.783	121.092
147	118.032	120.473
148	118.017	119.696
149	118.032	119.382
150	117.89	118.822
151	117.113	118.713
152	117.113	118.456
153	116.74	118.19
154	115.746	118.009
155	112.974	117.641
156	112.032	116.863
157	112.032	116.073
158	111.382	114.753
159	111.382	113.757
160	110.359	112.928
161	109.498	112.099
162	109.498	112.307
163	109.498	112.156
164	109.498	111.806
165	109.498	112.001
166	109.498	112.345
167	109.498	111.991
168	109.498	112.434
169	109.498	112.79
170	109.498	113.061
171	109.391	112.132
172	109.374	111.438
173	108.139	110.863
174	108.139	110.758
175	107.943	109.873
176	107.731	109.334
177	107.682	108.891
178	107.535	108.497
179	107.498	108.423
180	106.901	108.391
181	105.992	108.561
182	105.856	108.586
183	105.856	108.603
184	105.675	108.604
185	105.289	109.398
186	105.247	109.526
187	104.555	108.727
188	104.078	107.408
189	104.078	106.605
190	103.809	105.853
191	102.955	105.914
192	102.877	105.887
193	101.904	105.5
194	101.17	104.794
195	101.17	104.068
196	100.341	103.602
197	100.341	102.984
198	100.341	102.282
199	100.341	101.316
200	100.004	101.044
201	99.952	100.571
202	99.952	100.41
203	99.6153	100.249
204	99.6153	100.061
205	99.6153	99.8918
206	98.9644	99.8067
207	98.9644	99.6691
208	98.7183	99.4944
209	98.6283	99.3666
210	98.0411	99.2777
211	98.1205	99.1033
212	97.2488	99.2203
213	96.5947	98.9451
214	96.5498	98.4166
215	96.3664	98.1489
216	96.3664	97.6819
217	95.9451	97.3412
218	95.9063	97.0639
219	95.6674	96.7596
220	95.5378	96.5303
221	95.4991	96.5072
222	95.4196	96.1501
223	95.337	95.9305
224	94.98	95.7348
225	94.9343	95.6289
226	94.9343	95.6722
227	94.9281	95.8183
228	94.8841	96.4402
229	94.8076	96.6356
230	94.7945	97.0325
231	94.7945	96.6901
232	94.3233	97.4012
233	94.3163	97.3055
234	94.3163	96.4211
235	94.3163	96.3818
236	94.3163	95.9299
237	94.3163	95.0373
238	93.6847	94.5921
239	93.6847	94.4092
240	93.6847	94.2335
241	93.6847	94.1187
242	93.3059	93.9877
243	93.3059	93.6961
244	92.8154	93.5605
245	92.8154	93.4068
246	92.2659	93.2733
247	92.0435	93.0799
248	91.8545	92.8943
249	91.8545	92.5333
250	91.8545	92.2359
251	91.8545	92.0676
252	91.4115	91.9767
253	90.7345	91.8602
254	89.8801	91.6453
255	89.8801	91.314
256	89.8225	90.8554
257	89.8225	90.4776
258	89.2447	90.159
259	89.2447	89.985
260	89.2447	89.79
261	89.2447	89.5701
262	89.2447	89.4031
263	89.1592	89.3363
264	88.408	89.2218
265	86.9145	89.1037
266	86.9034	88.9083
267	86.5583	88.4907
268	86.1818	88.066
269	85.761	87.4605
270	85.0969	86.9965
271	84.9325	86.5234
272	84.9325	86.1592
273	84.7122	85.6682
274	84.2562	85.3202
275	83.9373	85.0699
276	83.9373	84.833
277	83.3592	84.5576
278	83.3592	84.3198
279	83.1977	84.0258
280	82.4914	83.7163
281	82.1725	83.4026
282	81.6919	83.0603
283	81.6919	82.6868
284	81.6919	82.3291
285	80.6153	81.9762
286	79.8158	81.7482
287	79.8158	81.3546
288	79.6988	80.8478
289	79.6988	80.2935
290	79.6988	79.8519
291	79.6988	79.7818
292	79.6988	79.7514
293	79.6988	79.7269
294	79.6988	79.7056
295	78.9413	79.6594
296	78.884	79.5184
297	78.884	79.3393
298	78.884	79.0862
299	78.4643	78.9087
300	78.4069	78.8751
301	78.4069	78.7832
302	78.4069	78.663
303	78.4069	78.528
304	78.4069	78.4591
305	78.4069	78.4102
306	77.5209	78.3803
307	77.5209	78.2757
308	77.5209	78.1104
309	77.5209	77.9116
310	77.5209	77.7014
311	77.5209	77.5934
312	77.5209	77.5268
313	77.5209	77.5209
314	77.4473	77.5208
315	76.4625	77.4616
316	76.4625	77.2373
317	76.4625	76.9449
318	76.4625	76.6914
319	76.2099	76.5694
320	76.2099	76.4433
321	76.2099	76.3999
322	76.2099	76.3084
323	76.2099	76.2638
324	76.2099	76.2129
325	76.2099	76.2099
326	76.2099	76.2099
327	76.2099	76.2099
328	76.2099	76.2099
329	76.2099	76.2099
330	76.2099	76.2099
331	75.8876	76.2093
332	76.2099	76.2099
333	75.663	76.2088
334	76.2099	76.2099
335	76.2099	76.2099
336	75.663	76.1793
337	75.663	76.0977
338	75.663	75.9561
339	75.4712	75.788
340	75.4712	75.6768
341	75.4712	75.6082
342	75.4712	75.551
343	75.4712	75.5022
344	75.4712	75.4712
345	75.4712	75.4712
346	75.4712	75.4712
347	75.4712	75.4712
348	75.4712	75.4712
349	75.4712	75.4712
350	75.0269	75.4702
351	75.0269	75.4504
352	75.0269	75.3685
353	75.0007	75.2243
354	75.0007	75.1329
355	74.4854	75.0466
356	74.4592	74.9973
357	74.4592	74.8985
358	74.1707	74.7644
359	74.1707	74.6614
360	73.683	74.4772
361	73.683	74.3264
362	73.683	74.1216
363	73.683	73.9334
364	73.683	73.8049
365	73.683	73.7223
366	73.683	73.683
367	73.5123	73.6826
368	73.5123	73.6747
369	73.3496	73.6253
370	73.3496	73.5423
371	73.3441	73.4614
372	73.3441	73.3921
373	73.3441	73.3619
374	73.3441	73.3465
375	73.3441	73.3455
376	73.3441	73.3446
377	73.3441	73.3445
378	73.3441	73.3441
379	73.3441	73.3441
380	73.3441	73.3441
381	73.3441	73.3441
382	73.3441	73.3441
383	73.3441	73.3441
384	73.3441	73.3441
385	73.2992	73.344
386	73.2992	73.3414
387	72.6342	73.3317
388	72.5893	73.2879
389	72.5893	73.1213
390	72.5893	72.914
391	72.5893	72.6898
392	72.5893	72.5957
393	72.5893	72.5899
394	72.5893	72.5893
395	72.4704	72.5828
396	72.4704	72.5655
397	72.4704	72.5317
398	72.393	72.4962
399	72.2742	72.4791
400	72.2742	72.446
401	72.2742	72.3932
402	72.2742	72.3368
403	72.2742	72.2912
404	72.2742	72.2765
405	72.2742	72.2742
406	72.2742	72.2742
407	72.0385	72.2737
408	72.2742	72.2742
409	72.2742	72.2742
410	72.2742	72.2742
411	72.2742	72.2742
412	72.2742	72.2742
413	72.2742	72.2742
414	72.2742	72.2742
415	72.2742	72.2742
416	72.2742	72.2742
417	72.2742	72.2742
418	72.2742	72.2742
419	72.2742	72.2742
420	72.2742	72.2742
421	72.2742	72.2742
422	72.2742	72.2742
423	71.7117	72.2574
424	71.7117	72.1852
425	71.5606	72.0717
426	71.5606	71.9172
427	71.5606	71.7786
428	71.5606	71.6318
429	71.5606	71.6023
430	71.5606	71.5718
431	71.5606	71.5606
432	71.5138	71.5577
433	71.5138	71.5506
434	71.3051	71.5366
435	71.3051	71.5076
436	71.3051	71.4513
437	71.3051	71.3881
438	71.3051	71.3381
439	71.3051	71.3051
440	71.0778	71.2978
441	71.0778	71.2578
442	71.0778	71.1963
443	71.0778	71.1341
444	71.0778	71.0878
445	71.0778	71.0778
446	71.0778	71.0778
447	71.0778	71.0778
448	71.0778	71.0778
449	71.0778	71.0778
450	71.0778	71.0778
451	71.0778	71.0778
452	70.8488	71.0774
453	70.8488	71.0682
454	70.3999	71.0288
455	70.3999	70.9299
456	70.3999	70.8241
457	70.3999	70.6431
458	70.2748	70.5223
459	70.2748	70.4411
460	70.2748	70.3328
461	70.2748	70.2986
462	69.6405	70.2569
463	69.5836	70.17
464	69.5836	69.9806
465	69.5836	69.7965
466	69.5836	69.6871
467	69.5836	69.6392
468	69.5836	69.588
469	69.5836	69.5848
470	69.5836	69.5836
471	69.5836	69.5836
472	69.5836	69.5836
473	69.5836	69.5836
474	69.5836	69.5836
475	69.5836	69.5836
476	69.5836	69.5836
477	69.5836	69.5836
478	69.3829	69.5832
479	69.3829	69.5731
480	69.3829	69.5354
481	69.3829	69.4856
482	69.3829	69.4336
483	69.3829	69.3937
484	69.3829	69.3829
485	69.3829	69.3829
486	69.3829	69.3829
487	69.3829	69.3829
488	69.3829	69.3829
489	69.3829	69.3829
490	69.3829	69.3829
491	69.3829	69.3829
492	69.3829	69.3829
493	69.3829	69.3829
494	69.3829	69.3829
495	69.3829	69.3829
496	69.3829	69.3829
497	69.3829	69.3829
498	69.3829	69.3829
499	69.3829	69.3829
500	69.3829	69.3829
501	69.3829	69.3829
502	69.1926	69.3825
503	69.3829	69.3829
504	69.3829	69.3829
505	69.3829	69.3829
506	69.1089	69.3823
507	69.3829	69.3829
508	69.3829	69.3829
509	69.3829	69.3829
510	69.1089	69.3823
511	69.1089	69.3692
512	69.1089	69.3231
513	68.2726	69.2168
514	68.2726	69.008
515	68.2726	68.7673
516	68.2505	68.5137
517	68.2505	68.3645
518	68.2505	68.2945
519	68.2505	68.263
520	68.2505	68.2585
521	68.2505	68.2533
522	68.2505	68.2505
523	68.2505	68.2505
524	68.2505	68.2505
525	68.2505	68.2505
526	68.2505	68.2505
527	68.2505	68.2505
528	68.2505	68.2505
529	68.2505	68.2505
530	68.2505	68.2505
531	68.2505	68.2505
532	68.2505	68.2505
533	68.2505	68.2505
534	68.2505	68.2505
535	68.2505	68.2505
536	68.2505	68.2505
537	68.2505	68.2505
538	67.5819	68.2091
539	67.5819	68.0683
540	67.5819	67.8985
541	67.5819	67.7504
542	67.5819	67.6425
543	67.5819	67.5819
544	67.5819	67.5819
545	67.5819	67.5819
546	67.5819	67.5819
547	67.5819	67.5819
548	67.5819	67.5819
549	67.5819	67.5819
550	67.5819	67.5819
551	67.5819	67.5819
552	67.5819	67.5819
553	67.5819	67.5819
554	67.5306	67.5785
555	67.5306	67.5691
556	67.5306	67.5518
557	67.5306	67.5391
558	67.5306	67.5306
559	67.5306	67.5306
560	67.5306	67.5306
561	67.5306	67.5306
562	67.5306	67.5306
563	67.5306	67.5306
564	67.5306	67.5306
565	67.5306	67.5306
566	67.5306	67.5306
567	67.5306	67.5306
568	67.5306	67.5306
569	67.5306	67.5306
570	67.5306	67.5306
571	67.5306	67.5306
572	67.5306	67.5306
573	67.5306	67.5306
574	67.5306	67.5306
575	67.5306	67.5306
576	67.5306	67.5306
577	67.5306	67.5306
578	67.5306	67.5306
579	67.5306	67.5306
580	67.5306	67.5306
581	67.5306	67.5306
582	67.5306	67.5306
583	67.5306	67.5306
584	67.5306	67.5306
585	67.5306	67.5306
586	67.5306	67.5306
587	67.5306	67.5306
588	67.5306	67.5306
589	67.5306	67.5306
590	67.5306	67.5306
591	67.5306	67.5306
592	67.5306	67.5306
593	67.5306	67.5306
594	67.5306	67.5306
595	67.5306	67.5306
596	67.5306	67.5306
597	67.5306	67.5306
598	67.5306	67.5306
599	67.5306	67.5306
600	67.5306	67.5306
601	67.5306	67.5306
602	67.5306	67.5306
603	67.5306	67.5306
604	67.5306	67.5306
605	67.5306	67.5306
606	67.5306	67.5306
607	67.5306	67.5306
608	67.5306	67.5306
609	67.5306	67.5306
610	67.5306	67.5306
611	67.5306	67.5306
612	67.5306	67.5306
613	67.4281	67.5304
614	67.4281	67.5245
615	67.4281	67.5036
616	67.4281	67.4742
617	67.4281	67.4467
618	67.4281	67.433
619	67.4281	67.4281
620	67.4281	67.4281
621	67.4281	67.4281
622	67.4281	67.4281
623	67.4281	67.4281
624	67.4281	67.4281
625	67.4281	67.4281
626	67.4281	67.4281
627	67.4281	67.4281
628	67.4281	67.4281
629	67.4281	67.4281
630	67.4281	67.4281
631	67.4281	67.4281
632	67.4281	67.4281
633	67.4281	67.4281
634	67.4281	67.4281
635	67.4281	67.4281
636	67.4281	67.4281
637	67.4281	67.4281
638	67.4281	67.4281
639	67.4281	67.4281
640	67.4281	67.4281
641	67.4281	67.4281
642	67.4281	67.4281
643	67.4281	67.4281
644	67.4281	67.4281
645	67.4281	67.4281
646	67.4281	67.4281
647	67.4281	67.4281
648	67.4281	67.4281
649	67.4281	67.4281
650	67.4281	67.4281
651	67.4281	67.4281
652	67.4281	67.4281
653	67.4281	67.4281
654	67.4281	67.4281
655	67.4281	67.4281
656	67.4281	67.4281
657	67.4281	67.4281
658	67.4281	67.4281
659	67.4281	67.4281
660	67.4281	67.4281
661	67.4281	67.4281
662	67.4281	67.4281
663	67.4281	67.4281
664	67.4281	67.4281
665	67.4281	67.4281
666	67.4281	67.4281
667	67.4281	67.4281
668	67.4281	67.4281
669	67.4281	67.4281
670	67.4281	67.4281
671	67.4281	67.4281
672	67.4281	67.4281
673	67.4281	67.4281
674	67.4281	67.4281
675	67.2388	67.4277
676	67.2388	67.4205
677	67.2388	67.3857
678	67.2388	67.3381
679	67.2388	67.2868
680	67.2388	67.2634
681	67.2388	67.2463
682	67.2388	67.2388
683	67.2388	67.2388
684	67.2388	67.2388
685	67.2388	67.2388
686	67.2388	67.2388
687	67.2388	67.2388
688	67.2388	67.2388
689	67.2388	67.2388
690	67.2388	67.2388
691	67.2388	67.2388
692	67.2388	67.2388
693	67.2388	67.2388
694	67.2388	67.2388
695	67.2388	67.2388
696	67.2388	67.2388
697	67.2388	67.2388
698	67.2388	67.2388
699	67.2388	67.2388
700	67.2388	67.2388
701	67.2388	67.2388
702	67.2388	67.2388
703	67.2388	67.2388
704	67.2388	67.2388
705	67.2388	67.2388
706	67.2388	67.2388
707	67.2388	67.2388
708	67.2388	67.2388
709	67.2388	67.2388
710	67.2388	67.2388
711	67.2388	67.2388
712	67.2388	67.2388
713	67.2388	67.2388
714	67.2388	67.2388
715	67.2388	67.2388
716	67.2388	67.2388
717	67.2388	67.2388
718	67.2388	67.2388
719	67.2388	67.2388
720	67.2388	67.2388
721	67.2388	67.2388
722	67.2388	67.2388
723	67.2388	67.2388
724	67.2388	67.2388
725	67.2388	67.2388
726	67.2388	67.2388
727	67.2388	67.2388
728	67.2388	67.2388
729	67.2388	67.2388
730	67.2388	67.2388
731	67.2388	67.2388
732	67.2388	67.2388
733	67.2388	67.2388
734	67.2388	67.2388
735	67.2388	67.2388
736	67.2388	67.2388
737	67.2388	67.2388
738	67.2388	67.2388
739	67.2388	67.2388
740	67.2388	67.2388
741	67.2388	67.2388
742	67.2388	67.2388
743	67.2388	67.2388
744	67.2388	67.2388
745	67.2388	67.2388
746	67.2388	67.2388
747	67.2388	67.2388
748	67.2388	67.2388
749	67.2388	67.2388
750	67.2388	67.2388
751	67.2388	67.2388
752	67.2388	67.2388
753	67.2388	67.2388
754	67.2388	67.2388
755	67.2388	67.2388
756	67.2388	67.2388
757	67.2388	67.2388
758	67.2388	67.2388
759	67.2388	67.2388
760	67.2388	67.2388
761	67.2388	67.2388
762	67.2388	67.2388
763	67.2388	67.2388
764	67.2388	67.2388
765	67.2388	67.2388
766	67.2388	67.2388
767	67.2388	67.2388
768	67.2388	67.2388
769	67.2388	67.2388
770	67.2388	67.2388
771	67.2388	67.2388
772	67.2388	67.2388
773	67.2388	67.2388
774	67.2388	67.2388
775	67.2388	67.2388
776	67.2388	67.2388
777	67.2388	67.2388
778	67.2388	67.2388
779	67.2388	67.2388
780	67.2388	67.2388
781	67.2388	67.2388
782	67.2388	67.2388
783	67.2388	67.2388
784	67.2388	67.2388
785	67.2388	67.2388
786	67.2388	67.2388
787	67.2388	67.2388
788	67.2388	67.2388
789	67.2388	67.2388
790	67.2388	67.2388
791	67.2388	67.2388
792	67.2388	67.2388
793	67.2388	67.2388
794	67.2388	67.2388
795	67.2388	67.2388
796	67.2388	67.2388
797	67.2388	67.2388
798	67.2388	67.2388
799	67.2388	67.2388
800	67.2388	67.2388
801	67.2388	67.2388
802	67.2388	67.2388
803	67.2388	67.2388
804	67.2388	67.2388
805	67.2388	67.2388
806	67.2388	67.2388
807	67.2388	67.2388
808	67.2388	67.2388
809	67.2388	67.2388
810	67.2388	67.2388
811	67.2388	67.2388
812	67.2388	67.2388
813	67.2388	67.2388
814	67.2388	67.2388
815	67.2388	67.2388
816	67.2388	67.2388
817	67.2388	67.2388
818	67.2388	67.2388
819	67.2388	67.2388
820	67.2388	67.2388
821	67.2388	67.2388
822	67.2388	67.2388
823	67.2388	67.2388
824	67.2388	67.2388
825	67.2388	67.2388
826	67.2388	67.2388
827	67.2388	67.2388
828	67.2388	67.2388
829	67.2388	67.2388
830	67.2388	67.2388
831	67.2388	67.2388
832	67.2388	67.2388
833	67.2388	67.2388
834	67.2388	67.2388
835	67.2388	67.2388
836	67.2388	67.2388
837	67.2388	67.2388
838	67.2388	67.2388
839	67.2388	67.2388
840	67.2388	67.2388
841	67.2388	67.2388
842	67.2388	67.2388
843	67.2388	67.2388
844	67.2388	67.2388
845	67.2388	67.2388
846	67.2388	67.2388
847	67.2388	67.2388
848	67.2388	67.2388
849	67.2388	67.2388
850	67.2388	67.2388
851	67.2388	67.2388
852	67.2388	67.2388
853	67.2388	67.2388
854	67.2388	67.2388
855	67.2388	67.2388
856	67.2388	67.2388
857	67.2388	67.2388
858	67.2388	67.2388
859	67.2388	67.2388
860	67.2388	67.2388
861	67.2388	67.2388
862	67.2388	67.2388
863	67.2388	67.2388
864	67.2388	67.2388
865	67.2388	67.2388
866	67.2388	67.2388
867	67.2388	67.2388
868	67.2388	67.2388
869	67.2388	67.2388
870	67.2388	67.2388
871	67.2388	67.2388
872	67.2388	67.2388
873	67.2388	67.2388
874	67.2388	67.2388
875	67.2388	67.2388
876	67.2388	67.2388
877	67.2388	67.2388
878	67.2388	67.2388
879	67.2388	67.2388
880	67.2388	67.2388
881	67.2388	67.2388
882	67.2388	67.2388
883	67.2388	67.2388
884	67.2388	67.2388
885	67.2388	67.2388
886	67.2388	67.2388
887	67.2388	67.2388
888	67.2388	67.2388
889	67.2388	67.2388
890	67.2388	67.2388
891	67.2388	67.2388
892	67.2388	67.2388
893	67.2388	67.2388
894	67.2388	67.2388
895	67.2388	67.2388
896	67.2388	67.2388
897	67.1246	67.2385
898	67.1246	67.2315
899	67.1246	67.2091
900	67.1246	67.1721
901	67.1246	67.1515
902	67.1246	67.1253
903	67.1246	67.1246
904	67.1246	67.1246
905	67.1246	67.1246
906	67.1246	67.1246
907	67.1246	67.1246
908	67.1246	67.1246
909	67.1246	67.1246
910	67.1246	67.1246
911	67.1246	67.1246
912	67.1246	67.1246
913	67.1246	67.1246
914	67.1246	67.1246
915	67.1246	67.1246
916	67.1246	67.1246
917	67.1246	67.1246
918	67.1246	67.1246
919	67.1246	67.2168
920	67.1246	67.7921
921	67.1246	68.1665
922	67.1246	69.1293
923	67.1246	70.519
924	67.1246	72.3966
925	67.1246	74.0331
926	67.1246	74.2251
927	67.1246	74.1096
928	67.1246	74.6807
929	67.1246	73.946
930	67.1246	72.759
931	67.1246	71.0329
932	67.1246	69.2508
933	67.1246	68.2938
934	67.1246	67.1683
935	67.1246	67.1508
936	67.1246	67.1246
937	67.1246	67.1246
938	67.1246	67.1246
939	67.1246	67.1246
940	67.1246	67.1246
941	67.1246	67.1246
942	67.1246	67.1246
943	67.1246	67.1246
944	67.1246	67.1246
945	67.1246	67.1246
946	67.1246	67.1246
947	67.1246	67.1246
948	67.1246	67.1246
949	67.1246	67.1246
950	67.1246	67.1246
951	67.1246	67.1246
952	67.1246	67.1246
953	67.1246	67.1246
954	67.1246	67.1246
955	67.1246	67.1246
956	67.1246	67.1246
957	67.1246	67.1246
958	67.1246	67.1246
959	67.1246	67.1246
960	67.1246	67.1246
961	67.1246	67.1246
962	67.1246	67.1246
963	67.1246	67.1246
964	67.1246	67.1246
965	67.1246	67.1246
966	67.1246	67.1246
967	67.1246	67.1246
968	67.1246	67.1246
969	67.1246	67.1246
970	67.1246	67.1246
971	67.1246	67.1246
972	67.1246	67.1246
973	67.1246	67.1246
974	67.1246	67.1246
975	67.1246	67.1246
976	67.1246	67.1246
977	67.1246	67.1246
978	67.1246	67.1246
979	67.1246	67.1246
980	67.1246	67.1246
981	67.1246	67.1246
982	67.1246	67.1246
983	67.1246	67.1246
984	67.1246	67.1246
985	67.1246	67.1246
986	67.1246	67.1246
987	67.1246	67.1246
988	67.1246	67.1246
989	67.1246	67.1246
990	67.1246	67.1246
991	67.1246	67.1246
992	67.1246	67.1246
993	67.1246	67.1246
994	67.1246	67.1246
995	67.1246	67.1246
996	67.1246	67.1246
997	67.1246	67.1246
998	67.1246	67.1246
999	67.1246	67.1246
1000	67.1246	67.1246
1001	67.1246	67.1246
1002	67.1246	67.1246
1003	67.1246	67.1246
1004	67.1246	67.1246
1005	67.1246	67.1246
1006	67.1246	67.1246
1007	67.1246	67.1246
1008	67.1246	67.1246
1009	67.1246	67.1246
1010	67.1246	67.1246
1011	67.1246	67.1246
1012	67.1246	67.1246
1013	67.1246	67.1246
1014	67.1246	67.1246
1015	67.1246	67.1246
1016	67.1246	67.1246
1017	67.1246	67.1246
1018	67.1246	67.1246
1019	67.1246	67.1246
1020	67.1246	67.1246
1021	67.1246	67.1246
1022	67.1246	67.1246
1023	67.1246	67.1246
1024	67.1246	67.1246
1025	67.1246	67.1246
1026	67.1246	67.1246
1027	67.1246	67.1246
1028	67.1246	67.1246
1029	67.1246	67.1246
1030	67.1246	67.1246
1031	67.1246	67.1246
1032	67.1246	67.1246
1033	67.1246	67.1246
1034	67.1246	67.1246
1035	67.1246	67.1246
1036	67.1246	67.1246
1037	67.1246	67.1246
1038	67.1246	67.1246
1039	67.1246	67.1246
1040	67.1246	67.1246
1041	67.1246	67.1246
1042	67.1246	67.1246
1043	67.1246	67.1246
1044	67.1246	67.1246
1045	67.1246	67.1246
1046	67.1246	67.1246
1047	67.1246	67.1246
1048	67.1246	67.1246
1049	67.1246	67.1246
1050	67.1246	67.1246
1051	67.1246	67.1246
1052	67.1246	67.1246
1053	67.1246	67.1246
1054	67.1246	67.1246
1055	67.1246	67.1246
1056	67.1246	67.1246
1057	67.1246	67.1246
1058	67.1246	67.1246
1059	67.1246	67.1246
1060	67.1246	67.1246
1061	67.1246	67.1246
1062	67.1246	67.1246
1063	67.1246	67.1246
1064	67.1246	67.1246
1065	67.1246	67.1246
1066	67.1246	67.1246
1067	67.1246	67.1246
1068	67.1246	67.1246
1069	67.1246	67.1246
1070	67.1246	67.1246
1071	67.1246	67.1246
1072	67.1246	67.1246
1073	67.1246	67.1246
1074	67.1246	67.1246
1075	67.1246	67.1246
1076	67.1246	67.1246
1077	67.1246	67.1246
1078	67.1246	67.1246
1079	67.1246	67.1246
1080	67.1246	67.1246
1081	67.1246	67.1246
1082	67.1246	67.1246
1083	67.1246	67.1246
1084	67.1246	67.1246
1085	67.1246	67.1246
1086	67.1246	67.1246
1087	67.1246	67.1246
1088	67.1246	67.1246
1089	67.1246	67.1246
1090	67.1246	67.1246
1091	67.1246	67.1246
1092	67.1246	67.1246
1093	67.1246	67.1246
1094	67.1246	67.1246
1095	67.1246	67.1246
1096	67.1246	67.1246
1097	67.1246	67.1246
1098	67.1246	67.1246
1099	67.1246	67.1246
1100	67.1246	67.1246
1101	67.1246	67.1246
1102	66.6719	67.0944
1103	66.5591	67.0833
1104	66.5591	67.1843
1105	66.3688	67.0873
1106	66.3688	66.8935
1107	66.3688	66.8453
1108	66.3688	66.6204
1109	66.3688	66.5134
1110	66.3688	66.4254
1111	66.3688	66.3801
1112	66.3688	66.3688
1113	66.3688	66.3688
1114	66.3688	66.3688
1115	66.3688	66.3688
1116	66.3688	66.3688
1117	66.3688	66.3688
1118	66.3688	66.3688
1119	66.3688	66.3688
1120	66.3688	66.3688
1121	66.3688	66.3688
1122	66.3688	66.3688
1123	66.3688	66.3688
1124	66.3688	66.3688
1125	66.3688	66.3688
1126	66.3688	66.3688
1127	66.3688	66.3688
1128	66.3688	66.3688
1129	66.3688	66.3688
1130	66.3688	66.3688
1131	66.3688	66.3688
1132	66.3688	66.3688
1133	66.3688	66.3688
1134	66.3688	66.3688
1135	66.3688	66.3688
1136	66.3688	66.3688
1137	66.3688	66.3688
1138	66.3688	66.3688
1139	66.3688	66.3688
1140	66.3688	66.3688
1141	66.3688	66.3688
1142	66.3688	66.3688
1143	66.3688	66.3688
1144	66.3688	66.3688
1145	66.3688	66.3688
1146	66.3688	66.3688
1147	66.3688	66.3688
1148	66.3688	66.3688
1149	66.3688	66.3688
1150	66.3688	66.3688
1151	66.3688	66.3688
1152	66.3688	66.3688
1153	66.3688	66.3688
1154	66.3688	66.3688
1155	66.3688	66.3688
1156	66.3688	66.3688
1157	66.3688	66.3688
1158	66.3688	66.3688
1159	66.3688	66.3688
1160	66.3688	66.3688
1161	66.3688	66.3688
1162	66.3688	66.3688
1163	66.3688	66.3688
1164	66.3688	66.3688
1165	66.3688	66.3688
1166	66.3688	66.3688
1167	66.3688	66.3688
1168	66.3688	66.3688
1169	66.3688	66.3688
1170	66.3688	66.3688
1171	66.3688	66.3688
1172	66.3688	66.3688
1173	66.3688	66.3688
1174	66.3688	66.3688
1175	66.3688	66.3688
1176	66.3688	66.3688
1177	66.3688	66.3688
1178	66.3688	66.3688
1179	66.3688	66.3688
1180	66.3688	66.3688
1181	66.3688	66.3688
1182	66.3688	66.3688
1183	66.3688	66.3688
1184	66.3688	66.3688
1185	66.3688	66.3688
1186	66.3688	66.3688
1187	66.3688	66.3688
1188	66.3688	66.3688
1189	66.3688	66.3688
1190	66.3688	66.3688
1191	66.3688	66.3688
1192	66.3688	66.3688
1193	66.3688	66.3688
1194	66.3688	66.3688
1195	66.3688	66.3688
1196	66.3688	66.3688
1197	66.3688	66.3688
1198	66.3688	66.3688
1199	66.3688	66.3688
1200	66.3688	66.3688
1201	66.3688	66.3688
1202	66.3688	66.3688
1203	66.3688	66.3688
1204	66.3688	66.3688
1205	66.3688	66.3688
1206	66.3688	66.3688
1207	66.3688	66.3688
1208	66.3688	66.3688
1209	66.3688	66.3688
1210	66.3688	66.3688
1211	66.3688	66.3688
1212	66.3688	66.3688
1213	66.3688	66.3688
1214	66.3688	66.3688
1215	66.3688	66.3688
1216	66.3688	66.3688
1217	66.3688	66.3688
1218	66.3688	66.3688
1219	66.3688	66.3688
1220	66.3688	66.3688
1221	66.3688	66.3688
1222	66.3688	66.3688
1223	66.3688	66.3688
1224	66.3688	66.3688
1225	66.3688	66.3688
1226	66.3688	66.3688
1227	66.3688	66.3688
1228	66.3688	66.3688
1229	66.3688	66.3688
1230	66.3688	66.3688
1231	66.3688	66.3688
1232	66.3688	66.3688
1233	66.3688	66.3688
1234	66.3688	66.3688
1235	66.3688	66.3688
1236	66.3688	66.3688
1237	66.3688	66.3688
1238	66.3688	66.3688
1239	66.3688	66.3688
1240	66.3688	66.3688
1241	66.3688	66.3688
1242	66.3688	66.3688
1243	66.3688	66.3688
1244	66.3688	66.3688
1245	66.3688	66.3688
1246	66.3688	66.3688
1247	66.3688	66.3688
1248	66.3688	66.3688
1249	66.3688	66.3688
1250	66.3688	66.3688
1251	66.3688	66.3688
1252	66.3688	66.3688
1253	66.3688	66.3688
1254	66.3688	66.3688
1255	66.3688	66.3688
1256	66.3688	66.3688
1257	66.3688	66.3688
1258	66.3688	66.3688
1259	66.3688	66.3688
1260	66.3688	66.3688
1261	66.3688	66.3688
1262	66.3688	66.3688
1263	66.3688	66.3688
1264	66.3688	66.3688
1265	66.3688	66.3688
1266	66.3688	66.3688
1267	66.3688	66.3688
1268	66.3688	66.3688
1269	66.3688	66.3688
1270	66.3688	66.3688
1271	66.3688	66.3688
1272	66.3688	66.3688
1273	66.3688	66.3688
1274	66.3688	66.3688
1275	66.3688	66.3688
1276	66.3688	66.3688
1277	66.3688	66.3688
1278	66.3688	66.3688
1279	66.3688	66.3688
1280	66.3688	66.3688
1281	66.3688	66.3688
1282	66.3688	66.3688
1283	66.3688	66.3688
1284	66.3688	66.3688
1285	66.3688	66.3688
1286	66.3688	66.3688
1287	66.3688	66.3688
1288	66.3688	66.3688
1289	66.3688	66.3688
1290	66.3688	66.3688
1291	66.3688	66.3688
1292	66.3688	66.3688
1293	66.3688	66.3688
1294	66.3688	66.3688
1295	66.3688	66.3688
1296	66.3688	66.3688
1297	66.3688	66.3688
1298	66.3688	66.3688
1299	66.3688	66.3688
1300	66.3688	66.3688
1301	66.3688	66.3688
1302	66.3688	66.3688
1303	66.3688	66.3688
1304	66.3688	66.3688
1305	66.3688	66.3688
1306	66.3688	66.3688
1307	66.3688	66.3688
1308	66.3688	66.3688
1309	66.3688	66.3688
1310	66.3688	66.3688
1311	66.3688	66.3688
1312	66.3688	66.3688
1313	66.3688	66.3688
1314	66.3688	66.3688
1315	66.3688	66.3688
1316	66.3688	66.3688
1317	66.3688	66.3688
1318	66.3688	66.3688
1319	66.3688	66.3688
1320	66.3688	66.3688
1321	66.3688	66.3688
1322	66.3688	66.3688
1323	66.3688	66.3688
1324	66.3688	66.3688
1325	66.3688	66.3688
1326	66.3688	66.3688
1327	66.3688	66.3688
1328	66.3688	66.3688
1329	66.3688	66.3688
1330	66.3688	66.3688
1331	66.3688	66.3688
1332	66.3688	66.3688
1333	66.3688	66.3688
1334	66.3688	66.3688
1335	66.3688	66.3688
1336	66.3688	66.3688
1337	66.3688	66.3688
1338	66.3688	66.3688
1339	66.3688	66.3688
1340	66.3688	66.3688
1341	66.3688	66.3688
1342	66.3688	66.3688
1343	66.3688	66.3688
1344	66.3688	66.3688
1345	66.3688	66.3688
1346	66.3688	66.3688
1347	66.3688	66.3688
1348	66.3688	66.3688
1349	66.3688	66.3688
1350	66.3688	66.3688
1351	66.3688	66.3688
1352	66.3688	66.3688
1353	66.3688	66.3688
1354	66.3688	66.3688
1355	66.3688	66.3688
1356	66.3688	66.3688
1357	66.3688	66.3688
1358	66.3688	66.3688
1359	66.3688	66.3688
1360	66.3688	66.3688
1361	66.3688	66.3688
1362	66.3688	66.3688
1363	66.3688	66.3688
1364	66.3688	66.3688
1365	66.3688	66.3688
1366	66.3688	66.3688
1367	66.3688	66.3688
1368	66.3688	66.3688
1369	66.3688	66.3688
1370	66.3688	66.3688
1371	66.3688	66.3688
1372	66.3688	66.3688
1373	66.3688	66.3688
1374	66.3688	66.3688
1375	66.3688	66.3688
1376	66.3688	66.3688
1377	66.3688	66.3688
1378	66.3688	66.3688
1379	66.3688	66.3688
1380	66.3688	66.3688
1381	66.3688	66.3688
1382	66.3688	66.3688
1383	66.3688	66.3688
1384	66.3688	66.3688
1385	66.3688	66.3688
1386	66.3688	66.3688
1387	66.3688	66.3688
1388	66.3688	66.3688
1389	66.3688	66.3688
1390	66.3688	66.3688
1391	66.3688	66.3688
1392	66.3688	66.3688
1393	66.3688	66.3688
1394	66.3688	66.3688
1395	66.3688	66.3688
1396	66.3688	66.3688
1397	66.3688	66.3688
1398	66.3688	66.3688
1399	66.3688	66.3688
1400	66.3688	66.3688
1401	66.3688	66.3688
1402	66.3688	66.3688
1403	66.3688	66.3688
1404	66.3688	66.3688
1405	66.3688	66.3688
1406	66.3688	66.3688
1407	66.3688	66.3688
1408	66.3688	66.3688
1409	66.3688	66.3688
1410	66.3688	66.3688
1411	66.3688	66.3688
1412	66.3688	66.3688
1413	66.3688	66.3688
1414	66.3688	66.3688
1415	66.3688	66.3688
1416	66.3688	66.3688
1417	66.3688	66.3688
1418	66.3688	66.3688
1419	66.3688	66.3688
1420	66.3688	66.3688
1421	66.3688	66.3688
1422	66.3688	66.3688
1423	66.3688	66.3688
1424	66.3688	66.3688
1425	66.3688	66.3688
1426	66.3688	66.3688
1427	66.3688	66.3688
1428	66.3688	66.3688
1429	66.3688	66.3688
1430	66.3688	66.3688
1431	66.3688	66.3688
1432	66.3688	66.3688
1433	66.3688	66.3688
1434	66.3688	66.3688
1435	66.3688	66.3688
1436	66.3688	66.3688
1437	66.3688	66.3688
1438	66.3688	66.3688
1439	66.3688	66.3688
1440	66.3688	66.3688
1441	66.3688	66.3688
1442	66.3688	66.3688
1443	66.3688	66.3688
1444	66.3688	66.3688
1445	66.3688	66.3688
1446	66.3688	66.3688
1447	66.3688	66.3688
1448	66.3688	66.3688
1449	66.3688	66.3688
1450	66.3688	66.3688
1451	66.3688	66.3688
1452	66.3688	66.3688
1453	66.3688	66.3688
1454	66.3688	66.3688
1455	66.3688	66.3688
1456	66.3688	66.3688
1457	66.3688	66.3688
1458	66.3688	66.3688
1459	66.3688	66.3688
1460	66.3688	66.3688
1461	66.3688	66.3688
1462	66.3688	66.3688
1463	66.3688	66.3688
1464	66.3688	66.3688
1465	66.3688	66.3688
1466	66.3688	66.3688
1467	66.3688	66.3688
1468	66.3688	66.3688
1469	66.3688	66.3688
1470	66.3688	66.3688
1471	66.3688	66.3688
1472	66.3688	66.3688
1473	66.3688	66.3688
1474	66.3688	66.3688
1475	66.3688	66.3688
1476	66.3688	66.3688
1477	66.3688	66.3688
1478	66.3688	66.3688
1479	66.3688	66.3688
1480	66.3688	66.3688
1481	66.3688	66.3688
1482	66.3688	66.3688
1483	66.3688	66.3688
1484	66.3688	66.3688
1485	66.3688	66.3688
1486	66.3688	66.3688
1487	66.3688	66.3688
1488	66.3688	66.3688
1489	66.3688	66.3688
1490	66.3688	66.3688
1491	66.3688	66.3688
1492	66.3688	66.3688
1493	66.3688	66.3688
1494	66.3688	66.3688
1495	66.3688	66.3688
1496	66.3688	66.3688
1497	66.3688	66.3688
1498	66.3688	66.3688
1499	66.3688	66.3688
1500	66.3688	66.3688
1501	66.3688	66.3688
1502	66.281	66.3687
1503	66.281	66.3664
1504	66.281	66.3588
1505	66.2195	66.3425
1506	66.2195	66.3176
1507	66.2195	66.2938
1508	66.2195	66.2681
1509	66.2195	66.2489
1510	66.2195	66.2419
1511	66.2195	66.2266
1512	66.2195	66.2195
1513	66.2195	66.2195
1514	66.2195	66.2195
1515	66.2195	66.2195
1516	66.2195	66.2195
1517	66.2195	66.2195
1518	66.2195	66.2195
1519	66.2195	66.2195
1520	66.2195	66.2195
1521	66.2195	66.2195
1522	66.2195	66.2195
1523	66.2195	66.2195
1524	66.2195	66.2195
1525	66.2195	66.2195
1526	66.2195	66.2195
1527	66.2195	66.2195
1528	66.2195	66.2195
1529	66.2195	66.2195
1530	66.2195	66.2195
1531	66.2195	66.2195
1532	66.2195	66.2195
1533	66.2195	66.2195
1534	66.2195	66.2195
1535	66.2195	66.2195
1536	66.2195	66.2195
1537	66.2195	66.2195
1538	66.2195	66.2195
1539	66.2195	66.2195
1540	66.2195	66.2195
1541	66.2195	66.2195
1542	66.2195	66.2195
1543	66.2195	66.2195
1544	66.2195	66.2195
1545	66.2195	66.2195
1546	66.2195	66.2195
1547	66.2195	66.2195
1548	66.2195	66.2195
1549	66.2195	66.2195
1550	66.2195	66.2195
1551	66.2195	66.2195
1552	66.2195	66.2195
1553	66.2195	66.2195
1554	66.2195	66.2195
1555	66.2195	66.2195
1556	66.2195	66.2195
1557	66.2195	66.2195
1558	66.2195	66.2195
1559	66.2195	66.2195
1560	66.2195	66.2195
1561	66.2195	66.2195
1562	66.2195	66.2195
1563	66.2195	66.2195
1564	66.2195	66.2195
1565	66.2195	66.2195
1566	66.2195	66.2195
1567	66.2195	66.2195
1568	66.2195	66.2195
1569	66.2195	66.2195
1570	66.2195	66.2195
1571	66.2195	66.2195
1572	66.2195	66.2195
1573	66.2195	66.2195
1574	66.2195	66.2195
1575	66.2195	66.2195
1576	66.2195	66.2195
1577	66.2195	66.2195
1578	66.2195	66.2195
1579	66.2195	66.2195
1580	66.2195	66.2195
1581	66.2195	66.2195
1582	66.2195	66.2195
1583	66.2195	66.2195
1584	66.2195	66.2195
1585	66.2195	66.2195
1586	66.2195	66.2195
1587	66.2195	66.2195
1588	66.2195	66.2195
1589	66.2195	66.2195
1590	66.2195	66.2195
1591	66.2195	66.2195
1592	66.2195	66.2195
1593	66.2195	66.2195
1594	66.2195	66.2195
1595	66.2195	66.2195
1596	66.2195	66.2195
1597	66.2195	66.2195
1598	66.2195	66.2195
1599	66.2195	66.2195
1600	66.2195	66.2195
1601	66.2195	66.2195
1602	66.2195	66.2195
1603	66.2195	66.2195
1604	66.2195	66.2195
1605	66.2195	66.2195
1606	66.2195	66.2195
1607	66.2195	66.2195
1608	66.2195	66.2195
1609	66.2195	66.2195
1610	66.2195	66.2195
1611	66.2195	66.2195
1612	66.2195	66.2195
1613	66.2195	66.2195
1614	66.2195	66.2195
1615	66.2195	66.2195
1616	66.2195	66.2195
1617	66.2195	66.2195
1618	66.2195	66.2195
1619	66.1024	66.2192
1620	66.1024	66.2138
1621	66.1024	66.1963
1622	66.1024	66.1609
1623	66.1024	66.133
1624	66.1024	66.1068
1625	66.1024	66.1024
1626	66.1024	66.1024
1627	66.1024	66.1024
1628	66.1024	66.1024
1629	66.1024	66.1024
1630	66.1024	66.1024
1631	66.1024	66.1024
1632	66.1024	66.1024
1633	66.1024	66.1024
1634	66.1024	66.1024
1635	66.1024	66.1024
1636	66.1024	66.1024
1637	66.1024	66.1024
1638	66.1024	66.1024
1639	66.1024	66.1024
1640	66.1024	66.1024
1641	66.1024	66.1024
1642	66.1024	66.1024
1643	66.1024	66.1024
1644	66.1024	66.1024
1645	66.1024	66.1024
1646	66.1024	66.1024
1647	66.1024	66.1024
1648	66.1024	66.1024
1649	66.1024	66.1024
1650	66.1024	66.1024
1651	66.1024	66.1024
1652	66.1024	66.1024
1653	66.1024	66.1024
1654	66.1024	66.1024
1655	66.1024	66.1024
1656	66.1024	66.1024
1657	66.1024	66.1024
1658	66.1024	66.1024
1659	66.1024	66.1024
1660	66.1024	66.1024
1661	66.1024	66.1024
1662	66.1024	66.1024
1663	66.1024	66.1024
1664	66.1024	66.1024
1665	66.1024	66.1024
1666	66.1024	66.1024
1667	66.1024	66.1024
1668	66.1024	66.1024
1669	66.1024	66.1024
1670	66.1024	66.1024
1671	66.1024	66.1024
1672	66.1024	66.1024
1673	66.1024	66.1024
1674	66.1024	66.1024
1675	66.1024	66.1024
1676	66.1024	66.1024
1677	66.1024	66.1024
1678	66.1024	66.1024
1679	66.1024	66.1024
1680	66.1024	66.1024
1681	66.1024	66.1024
1682	66.1024	66.1024
1683	66.1024	66.1024
1684	66.1024	66.1024
1685	66.1024	66.1024
1686	66.1024	66.1024
1687	66.1024	66.1024
1688	66.1024	66.1024
1689	66.1024	66.1024
1690	66.1024	66.1024
1691	66.1024	66.1024
1692	66.1024	66.1024
1693	66.1024	66.1024
1694	66.1024	66.1024
1695	66.1024	66.1024
1696	66.1024	66.1024
1697	66.1024	66.1024
1698	66.1024	66.1024
1699	66.1024	66.1024
1700	66.1024	66.1024
1701	66.1024	66.1024
1702	66.0316	66.097
1703	66.0316	66.0903
1704	66.0316	66.1338
1705	66.0316	66.3134
1706	66.0316	66.2404
1707	66.0316	66.3388
1708	66.0316	66.1848
1709	65.8822	66.0524
1710	65.8822	66.0346
1711	65.8822	65.9972
1712	65.8822	65.9545
1713	65.8822	65.9135
1714	65.8822	65.8822
1715	65.8822	65.8822
1716	65.8822	65.8822
1717	65.8822	65.8822
1718	65.8822	65.8822
1719	65.8822	65.8822
1720	65.8822	65.8822
1721	65.8822	65.8822
1722	65.8822	65.8822
1723	65.8822	65.8822
1724	65.8822	65.8822
1725	65.8822	65.8822
1726	65.8822	65.8822
1727	65.8822	65.8822
1728	65.8822	65.8822
1729	65.8822	65.8822
1730	65.8822	65.8822
1731	65.8822	65.8822
1732	65.8822	65.8822
1733	65.8822	65.8822
1734	65.8822	65.8822
1735	65.8822	65.8822
1736	65.8822	65.8822
1737	65.8822	65.8822
1738	65.8822	65.8822
1739	65.8822	65.8822
1740	65.8822	65.8822
1741	65.8822	65.8822
1742	65.8822	65.8822
1743	65.8822	65.8822
1744	65.8822	65.8822
1745	65.8822	65.8822
1746	65.8822	65.8822
1747	65.8822	65.8822
1748	65.8822	65.8822
1749	65.8822	65.8822
1750	65.8822	65.8822
1751	65.8822	65.8822
1752	65.8822	65.8822
1753	65.8822	65.8822
1754	65.8822	65.8822
1755	65.8822	65.8822
1756	65.8822	65.8822
1757	65.8822	65.8822
1758	65.8822	65.8822
1759	65.8822	65.8822
1760	65.8822	65.8822
1761	65.8822	65.8822
1762	65.8822	65.8822
1763	65.8822	65.8822
1764	65.8822	65.8822
1765	65.8822	65.8822
1766	65.8822	65.8822
1767	65.8822	65.8822
1768	65.8822	65.8822
1769	65.8822	65.8822
1770	65.8822	65.8822
1771	65.8822	65.8822
1772	65.8822	65.8822
1773	65.8822	65.8822
1774	65.8822	65.8822
1775	65.8822	65.8822
1776	65.8822	65.8822
1777	65.8822	65.8822
1778	65.8822	65.8822
1779	65.8822	65.8822
1780	65.8822	65.8822
1781	65.8822	65.8822
1782	65.8822	65.8822
1783	65.8822	65.8822
1784	65.8822	65.8822
1785	65.8822	65.8822
1786	65.8822	65.8822
1787	65.8822	65.8822
1788	65.8822	65.8822
1789	65.8822	65.8822
1790	65.8822	65.8822
1791	65.8822	65.8822
1792	65.8822	65.8822
1793	65.8822	65.8822
1794	65.8822	65.8822
1795	65.8822	65.8822
1796	65.8822	65.8822
1797	65.8822	65.8822
1798	65.8822	65.8822
1799	65.8822	65.8822
1800	65.8822	65.8822
1801	65.8822	65.8822
1802	65.8681	65.8821
1803	65.8681	65.8813
1804	65.8681	65.8784
1805	65.8681	65.8751
1806	65.8681	65.8712
1807	65.8681	65.8681
1808	65.8681	65.8681
1809	65.8681	65.8681
1810	65.8681	65.8681
1811	65.8681	65.8681
1812	65.8681	65.8681
1813	65.8681	65.8681
1814	65.8681	65.8681
1815	65.8681	65.8681
1816	65.8681	65.8681
1817	65.8681	65.8681
1818	65.8681	65.8681
1819	65.8681	65.8681
1820	65.8681	65.8681
1821	65.8681	65.8681
1822	65.8681	65.8681
1823	65.8681	65.8681
1824	65.8681	65.8681
1825	65.8681	65.8681
1826	65.8681	65.8681
1827	65.8681	65.8681
1828	65.8681	65.8681
1829	65.8681	65.8681
1830	65.8681	65.8681
1831	65.8681	65.8681
1832	65.8681	65.8681
1833	65.8681	65.8681
1834	65.8681	65.8681
1835	65.8681	65.8681
1836	65.8681	65.8681
1837	65.8681	65.8681
1838	65.8681	65.8681
1839	65.8681	65.8681
1840	65.8681	65.8681
1841	65.8681	65.8681
1842	65.8681	65.8681
1843	65.8681	65.8681
1844	65.8681	65.8681
1845	65.8681	65.8681
1846	65.8681	65.8681
1847	65.8681	65.8681
1848	65.8681	65.8681
1849	65.8681	65.8681
1850	65.8681	65.8681
1851	65.8681	65.8681
1852	65.8681	65.8681
1853	65.8681	65.8681
1854	65.8681	65.8681
1855	65.8681	65.8681
1856	65.8681	65.8681
1857	65.8681	65.8681
1858	65.8681	65.8681
1859	65.8681	65.8681
1860	65.8681	65.8681
1861	65.8681	65.8681
1862	65.8681	65.8681
1863	65.8681	65.8681
1864	65.8681	65.8681
1865	65.8681	65.8681
1866	65.8681	65.8681
1867	65.8681	65.8681
1868	65.8681	65.8681
1869	65.8681	65.8681
1870	65.8681	65.8681
1871	65.8681	65.8681
1872	65.8681	65.8681
1873	65.8681	65.8681
1874	65.8681	65.8681
1875	65.8681	65.8681
1876	65.8681	65.8681
1877	65.8681	65.8681
1878	65.8681	65.8681
1879	65.8681	65.8681
1880	65.8681	65.8681
1881	65.8681	65.8681
1882	65.8681	65.8681
1883	65.8681	65.8681
1884	65.8681	65.8681
1885	65.8681	65.8681
1886	65.8681	65.8681
1887	65.8681	65.8681
1888	65.8681	65.8681
1889	65.8681	65.8681
1890	65.8681	65.8681
1891	65.8681	65.8681
1892	65.8681	65.8681
1893	65.8681	65.8681
1894	65.8681	65.8681
1895	65.8681	65.8681
1896	65.8681	65.8681
1897	65.8681	65.8681
1898	65.8681	65.8681
1899	65.8681	65.8681
1900	65.8681	65.8681
1901	65.8681	65.8681
1902	65.8681	65.8681
1903	65.8681	65.8681
1904	65.8681	65.8681
1905	65.8681	65.8681
1906	65.8681	65.8681
1907	65.8681	65.8681
1908	65.8681	65.8681
1909	65.8681	65.8681
1910	65.8681	65.8681
1911	65.8681	65.8681
1912	65.8681	65.8681
1913	65.8681	65.8681
1914	65.8681	65.8681
1915	65.8681	65.8681
1916	65.8681	65.8681
1917	65.8681	65.8681
1918	65.8681	65.8681
1919	65.8681	65.8681
1920	65.8681	65.8681
1921	65.8681	65.8681
1922	65.8681	65.8681
1923	65.8681	65.8681
1924	65.8681	65.8681
1925	65.8681	65.8681
1926	65.8681	65.8681
1927	65.8681	65.8681
1928	65.8681	65.8681
1929	65.8681	65.8681
1930	65.8681	65.8681
1931	65.8681	65.8681
1932	65.8681	65.8681
1933	65.8681	65.8681
1934	65.8681	65.8681
1935	65.8681	65.8681
1936	65.8681	65.8681
1937	65.8681	65.8681
1938	65.8681	65.8681
1939	65.8681	65.8681
1940	65.8681	65.8681
1941	65.8681	65.8681
1942	65.8681	65.8681
1943	65.8681	65.8681
1944	65.8681	65.8681
1945	65.8681	65.8681
1946	65.8681	65.8681
1947	65.8681	65.8681
1948	65.8681	65.8681
1949	65.8681	65.8681
1950	65.8681	65.8681
1951	65.8681	65.8681
1952	65.8681	65.8681
1953	65.8681	65.8681
1954	65.8681	65.8681
1955	65.8681	65.8681
1956	65.8681	65.8681
1957	65.8681	65.8681
1958	65.8681	65.8681
1959	65.8681	65.8681
1960	65.8681	65.8681
1961	65.8681	65.8681
1962	65.8681	65.8681
1963	65.8681	65.8681
1964	65.8681	65.8681
1965	65.8681	65.8681
1966	65.8681	65.8681
1967	65.8681	65.8681
1968	65.8681	65.8681
1969	65.8681	65.8681
1970	65.8681	65.8681
1971	65.8681	65.8681
1972	65.8681	65.8681
1973	65.8681	65.8681
1974	65.8681	65.8681
1975	65.8681	65.8681
1976	65.8681	65.8681
1977	65.8681	65.8681
1978	65.8681	65.8681
1979	65.8681	65.8681
1980	65.8681	65.8681
1981	65.8681	65.8681
1982	65.8681	65.8681
1983	65.8681	65.8681
1984	65.8681	65.8681
1985	65.8681	65.8681
1986	65.8681	65.8681
1987	65.8681	65.8681
1988	65.8681	65.8681
1989	65.8681	65.8681
1990	65.8681	65.8681
1991	65.8681	65.8681
1992	65.8681	65.8681
1993	65.8681	65.8681
1994	65.8681	65.8681
1995	65.8681	65.8681
1996	65.8681	65.8681
1997	65.8681	65.8681
1998	65.8681	65.8681
1999	65.8681	65.8681
2000	65.8681	65.8681
