# GEN: 	 LUNGHEZZA DEL MIGLIORE: 	 LUNGHEZZA MEDIA:
1	37.962	39.4069
2	36.0245	38.048
3	34.7534	37.4626
4	34.5768	36.3541
5	32.8529	35.5218
6	32.5707	34.5767
7	32.1026	33.6618
8	30.9489	32.9211
9	30.5829	32.3011
10	29.5437	31.6285
11	28.7661	31.4035
12	28.6076	31.0124
13	27.2932	30.3741
14	25.8224	29.8894
15	24.1469	29.0603
16	24.1469	28.193
17	23.7709	26.0685
18	23.7709	25.2542
19	23.7709	23.9933
20	23.7709	24.2863
21	22.8955	23.8749
22	22.8955	23.6399
23	22.8955	23.4486
24	22.2786	23.6393
25	22.2786	23.3582
26	22.0762	23.1723
27	21.4171	22.7288
28	21.4171	22.6572
29	21.4171	22.2861
30	21.4171	22.0579
31	21.397	21.765
32	21.397	21.5611
33	21.0475	21.4057
34	19.5021	21.2041
35	19.5021	20.7478
36	19.0898	20.1021
37	18.4586	20.1898
38	18.4586	20.2957
39	18.4586	20.3637
40	18.4586	20.4642
41	18.4586	19.9753
42	18.4586	19.3962
43	17.6107	18.6884
44	17.6107	18.6267
45	16.4121	18.1227
46	16.4116	18.2447
47	16.4116	17.3851
48	16.0917	17.0324
49	16.0917	16.7732
50	16.0917	16.5725
51	15.9386	16.6682
52	15.9386	16.4072
53	14.7076	15.991
54	14.7076	15.7011
55	14.7076	15.3916
56	14.7076	15.0037
57	14.7076	14.7076
58	14.1185	14.6016
59	14.1185	14.5661
60	14.1185	14.7149
61	14.1185	14.3959
62	13.6047	14.232
63	13.6047	13.8513
64	13.487	13.7654
65	13.487	13.6024
66	13.6047	13.6047
67	13.5145	13.5903
68	13.5145	13.547
69	13.5145	13.5217
70	13.4109	13.498
71	13.4109	13.4683
72	13.4109	13.4495
73	13.4109	13.4364
74	13.4109	13.4267
75	13.4109	13.4849
76	13.3943	13.419
77	13.3943	13.4086
78	13.3943	13.4046
79	13.3943	13.3943
80	13.3562	13.3935
81	12.8824	13.3412
82	12.7242	13.2347
83	12.7242	13.2302
84	12.7242	13.1823
85	12.7242	13.1078
86	12.6687	12.7453
87	12.6419	12.8026
88	12.5328	12.7769
89	12.5328	12.6922
90	12.5328	12.7207
91	12.5328	12.6454
92	12.5328	12.5631
93	12.478	12.5385
94	12.478	12.5251
95	12.478	12.5153
96	12.478	12.5021
97	12.478	12.4857
98	12.478	12.4944
99	12.4349	12.4998
100	11.6145	12.4666
101	11.0757	12.7369
102	10.0919	12.8518
103	10.0919	12.4623
104	10.0919	11.6704
105	10.0919	11.3979
106	10.0919	10.922
107	9.92921	10.2302
108	9.92921	10.0537
109	9.92921	10.0049
110	9.92921	9.97716
111	9.92921	9.95764
112	9.89856	9.93185
113	9.89856	9.92431
114	9.89856	9.91756
115	9.89856	9.91205
116	9.89856	9.90653
117	9.89856	9.89856
118	9.89856	9.90101
119	9.89856	9.90392
120	9.86977	9.89798
121	9.87529	9.8981
122	9.75053	9.89281
123	9.60849	9.88624
124	9.87529	9.88693
125	9.81929	9.8749
126	9.79602	9.84682
127	9.50595	9.8173
128	9.50595	9.76317
129	9.50595	9.64767
130	9.23674	9.52091
131	9.23674	9.32827
132	9.23674	9.23674
133	9.23674	9.23674
134	9.23674	9.23674
135	9.23174	9.36923
136	9.23174	9.38197
137	9.23174	9.28372
138	9.23174	9.23294
139	9.23174	9.23174
140	9.23174	9.23174
141	9.23174	9.23174
142	9.23174	9.23174
143	9.23174	9.23174
144	9.23174	9.23174
145	9.23174	9.23174
146	9.23174	9.23174
147	9.23174	9.23174
148	9.23174	9.23174
149	9.22787	9.23159
150	9.22787	9.23056
151	9.22787	9.22952
152	9.22787	9.22804
153	9.22787	9.22787
154	9.22787	9.22787
155	9.22787	9.22787
156	9.22787	9.22787
157	9.22787	9.22787
158	9.22787	9.22787
159	9.22787	9.22787
160	9.22787	9.22787
161	9.22787	9.22787
162	9.22787	9.22787
163	9.22787	9.22797
164	8.99546	9.22316
165	8.99546	9.19533
166	8.99546	9.13501
167	8.99546	9.23207
168	8.99546	9.13928
169	8.99546	8.99607
170	8.99546	8.99546
171	7.59082	8.8356
172	7.59082	8.30252
173	7.59082	7.60298
174	7.59082	7.59082
175	7.59082	7.59082
176	7.59082	7.59082
177	7.59082	7.59082
178	7.59082	7.59082
179	7.59082	7.59082
180	7.59082	7.59082
181	7.59082	7.59082
182	7.59082	7.59082
183	7.59082	7.59082
184	7.59082	7.68421
185	7.59082	8.08474
186	7.59082	7.63307
187	7.59082	7.59082
188	7.59082	7.60523
189	7.59082	7.6165
190	7.59082	7.59082
191	7.59082	7.59082
192	7.59082	7.59082
193	7.59082	7.59082
194	6.78973	7.54465
195	6.78973	7.43751
196	6.7402	7.19315
197	6.55911	6.95288
198	6.55911	6.77066
199	6.55911	6.61127
200	6.50958	6.55812
201	6.50958	6.54921
202	6.50958	6.53466
203	6.50958	6.51782
204	6.50958	6.50958
205	6.50958	6.50958
206	6.50958	6.50958
207	6.50958	6.50958
208	6.50958	6.50958
209	6.50958	6.50958
210	6.50958	6.50958
211	6.37438	6.50688
212	6.37438	6.48254
213	6.37438	6.44469
214	6.37438	6.40953
215	6.37438	6.38249
216	6.37438	6.37438
217	6.30083	6.35232
218	6.30083	6.32878
219	6.30083	6.31701
220	6.30083	6.30083
221	6.30083	6.30083
222	6.30083	6.30524
223	6.30083	6.32983
224	6.30083	6.30083
225	6.30083	6.30083
226	6.30083	6.30083
227	6.30083	6.30083
228	6.30083	6.30083
229	6.30083	6.30083
230	6.30083	6.30083
231	6.30083	6.30083
232	6.30083	6.30083
233	6.30083	6.30083
234	6.30083	6.30083
235	6.30083	6.30083
236	6.30083	6.30083
237	6.30083	6.30083
238	6.30083	6.30083
239	6.30083	6.30083
240	6.30083	6.30083
241	6.30083	6.30083
242	6.30083	6.30083
243	6.30083	6.30083
244	6.30083	6.30083
245	6.30083	6.30083
246	6.30083	6.30083
247	6.30083	6.30083
248	6.30083	6.30083
249	6.30083	6.30083
250	6.30083	6.30083
251	6.30083	6.30083
252	6.30083	6.30878
253	6.30083	6.30413
254	6.30083	6.31477
255	6.30083	6.31477
256	6.30083	6.45212
257	6.30083	6.30083
258	6.30083	6.30083
259	6.30083	6.30083
260	6.30083	6.30083
261	6.30083	6.30083
262	6.30083	6.30083
263	6.30083	6.30083
264	6.30083	6.30083
265	6.30083	6.30083
266	6.30083	6.30083
267	6.30083	6.30083
268	6.30083	6.30083
269	6.30083	6.30083
270	6.30083	6.30083
271	6.30083	6.30083
272	6.30083	6.30083
273	6.30083	6.30083
274	6.30083	6.30083
275	6.30083	6.30083
276	6.30083	6.30083
277	6.30083	6.30083
278	6.30083	6.30083
279	6.30083	6.30083
280	6.30083	6.30083
281	6.30083	6.30083
282	6.30083	6.30083
283	6.30083	6.30083
284	6.30083	6.30083
285	6.24605	6.29425
286	6.24605	6.2833
287	6.24605	6.26577
288	6.24605	6.2581
289	6.24605	6.24734
290	6.24605	6.25043
291	6.24605	6.24605
292	6.24605	6.24605
293	6.24605	6.24605
294	6.24605	6.24605
295	6.24605	6.24605
296	6.24605	6.24605
297	6.24605	6.24605
298	6.24605	6.24605
299	6.24605	6.24605
300	6.24605	6.24605
301	6.24605	6.24605
302	6.24605	6.24605
303	6.24605	6.24605
304	6.24605	6.24605
305	6.24605	6.24605
306	6.24605	6.24605
307	6.24605	6.24605
308	6.24605	6.24605
309	6.24605	6.24605
310	6.24605	6.24605
311	6.24605	6.24605
312	6.24605	6.24605
313	6.24605	6.24605
314	6.24605	6.24605
315	6.24605	6.24605
316	6.24605	6.24605
317	6.24605	6.24605
318	6.24605	6.24605
319	6.24605	6.24605
320	6.24605	6.24605
321	6.24605	6.24605
322	6.24605	6.24605
323	6.24605	6.24605
324	6.24605	6.24605
325	6.24605	6.24605
326	6.24605	6.24605
327	6.24605	6.24605
328	6.24605	6.24605
329	6.24605	6.24605
330	6.24605	6.24605
331	6.24605	6.24605
332	6.24605	6.24605
333	6.24605	6.24605
334	6.24605	6.24605
335	6.24605	6.24605
336	6.24605	6.24605
337	6.24605	6.24605
338	6.24605	6.24605
339	6.24605	6.24605
340	6.24605	6.24605
341	6.24605	6.24605
342	6.24605	6.24605
343	6.24605	6.24605
344	6.24605	6.24605
345	6.24605	6.24605
346	6.24605	6.24605
347	6.24605	6.24605
348	6.24605	6.24605
349	6.24605	6.24605
350	6.24605	6.24605
351	6.24605	6.24605
352	6.24605	6.24605
353	6.24605	6.24605
354	6.24605	6.24605
355	6.24605	6.24605
356	6.24605	6.30942
357	6.24605	6.24605
358	6.24605	6.24605
359	6.24605	6.24605
360	6.24605	6.24605
361	6.24605	6.52711
362	6.24605	6.76744
363	6.24605	6.43802
364	6.24605	6.37302
365	6.24605	6.25509
366	6.24605	6.38855
367	6.24605	6.24605
368	6.24605	6.24605
369	6.24605	6.24605
370	6.24605	6.24605
371	6.24605	6.24605
372	6.24605	6.24605
373	6.24605	6.24605
374	6.24605	6.24605
375	6.24605	6.24605
376	6.24605	6.24605
377	6.24605	6.24605
378	6.24605	6.24605
379	6.24605	6.24605
380	6.24605	6.24605
381	6.24605	6.24605
382	6.24605	6.24605
383	6.24605	6.24605
384	6.24605	6.24605
385	6.24605	6.24605
386	6.24605	6.24605
387	6.24605	6.24605
388	6.24605	6.24605
389	6.24605	6.24605
390	6.24605	6.24605
391	6.24605	6.24605
392	6.24605	6.24605
393	6.24605	6.24605
394	6.24605	6.24605
395	6.24605	6.24605
396	6.24605	6.24605
397	6.24605	6.24605
398	6.24605	6.24605
399	6.24605	6.24605
400	6.24605	6.24605
401	6.24605	6.24605
402	6.24605	6.24605
403	6.24605	6.24605
404	6.24605	6.24605
405	6.24605	6.24605
406	6.24605	6.24605
407	6.24605	6.24605
408	6.24605	6.24605
409	6.24605	6.24605
410	6.24605	6.24605
411	6.24605	6.30608
412	6.24605	6.54378
413	6.24605	6.28578
414	6.24605	6.47397
415	6.24605	6.30101
416	6.24605	6.24605
417	6.24605	6.24605
418	6.24605	6.24605
419	6.24605	6.24959
420	6.24605	6.29639
421	6.24605	6.25272
422	6.24605	6.24605
423	6.24605	6.24605
424	6.24605	6.26456
425	6.24605	6.24605
426	6.24605	6.24605
427	6.24605	6.24605
428	6.24605	6.24605
429	6.24605	6.24605
430	6.24605	6.24605
431	6.24605	6.24605
432	6.24605	6.24605
433	6.24605	6.24605
434	6.24605	6.24605
435	6.24605	6.24605
436	6.24605	6.24605
437	6.24605	6.24605
438	6.24605	6.24605
439	6.24605	6.24605
440	6.24605	6.24605
441	6.24605	6.24605
442	6.24605	6.24605
443	6.24605	6.24605
444	6.24605	6.24605
445	6.24605	6.24605
446	6.24605	6.24605
447	6.24605	6.24605
448	6.24605	6.24605
449	6.24605	6.24605
450	6.24605	6.24605
451	6.24605	6.24605
452	6.24605	6.2628
453	6.24605	6.30301
454	6.24605	6.24605
455	6.24605	6.24605
456	6.24605	6.24605
457	6.24605	6.24605
458	6.24605	6.24605
459	6.24605	6.24605
460	6.24605	6.24605
461	6.24605	6.24605
462	6.24605	6.24605
463	6.24605	6.24605
464	6.24605	6.24605
465	6.24605	6.24605
466	6.24605	6.24605
467	6.24605	6.24605
468	6.24605	6.24605
469	6.24605	6.24605
470	6.24605	6.24605
471	6.24605	6.24605
472	6.24605	6.24605
473	6.24605	6.24605
474	6.24605	6.24605
475	6.24605	6.24605
476	6.24605	6.24605
477	6.24605	6.24605
478	6.24605	6.24605
479	6.24605	6.24605
480	6.24605	6.24605
481	6.24605	6.24605
482	6.24605	6.24605
483	6.24605	6.24605
484	6.24605	6.28127
485	6.24605	6.27127
486	6.24605	6.61397
487	6.24605	7.02136
488	6.24605	6.27913
489	6.24605	6.24605
490	6.24605	6.24605
491	6.24605	6.24605
492	6.24605	6.24605
493	6.24605	6.24605
494	6.24605	6.24605
495	6.24605	6.24605
496	6.24605	6.24605
497	6.24605	6.24605
498	6.24605	6.24605
499	6.24605	6.24605
500	6.24605	6.24605
