# GEN: 	 LUNGHEZZA DEL MIGLIORE: 	 LUNGHEZZA MEDIA:
1	449.83	506.013
2	421.752	487.063
3	396.184	468.69
4	379.031	452.826
5	365.009	435.861
6	359.399	419.449
7	351.816	404.289
8	332.629	391.761
9	328.079	379.932
10	328.079	370.57
11	323.896	363.709
12	309.199	359.189
13	307.74	353.756
14	303.774	346.931
15	299.356	340.257
16	296.384	333.022
17	289.903	324.016
18	288.966	315.811
19	279.55	309.706
20	270.906	304.201
21	262.773	298.422
22	256.413	292.743
23	252.954	285.164
24	246.959	277.873
25	238.219	271.631
26	236.169	265.211
27	234.43	258.269
28	231.349	251.582
29	226.007	245.929
30	223.96	240.842
31	216.812	236.954
32	210.792	233.421
33	207.764	229.378
34	203.818	225.268
35	200.791	220.525
36	199.673	216.019
37	195.483	211.743
38	191.509	208.199
39	186.945	204.423
40	185.083	200.469
41	181.727	197.02
42	181.441	193.442
43	176.745	190.178
44	175.634	187.348
45	169.412	185.038
46	166.998	182.529
47	166.463	179.654
48	165.709	176.288
49	163.549	172.936
50	162.752	170.089
51	161.804	168.012
52	159.157	166.257
53	156.572	164.818
54	156.139	163.548
55	154.84	162.124
56	153.208	160.821
57	151.848	159.842
58	150.351	158.938
59	149.261	157.941
60	147.311	156.792
61	146.333	155.337
62	142.525	153.771
63	142.274	152.476
64	139.924	151.105
65	138.844	149.891
66	138.362	148.561
67	136.882	146.545
68	135.604	144.5
69	133.982	142.66
70	132.479	141.101
71	130.918	139.444
72	130.67	137.737
73	129.048	136.128
74	125.506	134.783
75	125.088	133.317
76	123.992	131.964
77	123.992	130.271
78	122.876	128.444
79	122.473	127.173
80	122.218	125.978
81	121.177	125.091
82	120.365	124.3
83	119.162	123.658
84	118.801	122.841
85	116.765	121.941
86	116.537	120.901
87	115.658	119.848
88	114.878	119.053
89	114.162	118.184
90	113.737	117.442
91	111.829	116.767
92	110.908	116.087
93	110.908	115.344
94	109.894	114.485
95	109.012	113.346
96	109.012	112.043
97	108.002	111.047
98	107.576	110.204
99	107.072	109.637
100	106.892	109.126
101	106.541	108.682
102	105.681	108.34
103	104.964	108.059
104	104.177	107.647
105	103.459	107.076
106	102.803	106.081
107	102.272	105.201
108	101.853	104.341
109	100.496	103.624
110	100.078	102.998
111	100.078	102.356
112	99.3129	101.698
113	99.2233	101.028
114	98.3846	100.646
115	98.2451	100.472
116	98.0551	100.755
117	97.8547	101.754
118	97.7149	102.802
119	96.5597	103.489
120	96.0228	103.395
121	95.8204	102.565
122	95.2835	100.942
123	95.1998	99.3339
124	94.9367	98.002
125	93.9094	96.9938
126	93.6252	96.1717
127	93.1197	95.522
128	93.0549	94.9248
129	92.3521	94.3891
130	92.0242	94.0149
131	91.2234	93.7977
132	90.6968	93.5723
133	90.0161	93.0824
134	90.0161	92.4466
135	89.7108	91.8443
136	89.1617	91.5115
137	88.8564	91.514
138	88.5009	91.8064
139	88.3295	92.096
140	88.1956	91.7122
141	87.683	90.8852
142	87.3777	90.058
143	87.1853	89.3689
144	86.8286	88.8431
145	86.5233	88.6962
146	85.9963	88.4999
147	85.8156	88.341
148	85.48	87.7888
149	85.0948	87.0684
150	84.8701	86.7114
151	84.7968	86.373
152	84.6322	86.0691
153	84.0156	85.7941
154	84.0156	85.5123
155	83.3633	85.3019
156	83.3633	85.2081
157	83.1254	85.121
158	83.1254	84.9707
159	82.7471	84.9504
160	82.7471	85.01
161	82.1339	85.1603
162	82.1339	85.1239
163	82.0817	85.0384
164	81.9102	84.8321
165	81.9102	84.5621
166	81.3809	84.2474
167	81.3809	83.9757
168	80.6304	83.6255
169	79.8545	83.1578
170	79.6309	82.8763
171	78.892	82.4736
172	78.6684	81.8127
173	78.6684	81.0747
174	78.6684	80.2517
175	78.6684	79.5373
176	78.3977	79.1583
177	78.33	78.8868
178	78.0745	78.6735
179	78.0745	78.494
180	77.6309	78.3702
181	77.5632	78.228
182	77.5632	78.0618
183	77.5632	77.8853
184	77.4994	77.7461
185	77.3452	77.6388
186	77.1409	77.5698
187	76.9398	77.5267
188	77.2219	77.464
189	77.1728	77.395
190	77.1493	77.3262
191	77.0544	77.2631
192	76.7445	77.2116
193	75.8581	77.1255
194	75.809	76.9717
195	75.809	76.7512
196	75.809	76.4921
197	75.381	76.2488
198	75.332	76.0416
199	74.96	75.8527
200	74.96	75.6953
201	74.9164	75.5107
202	74.4945	75.3161
203	74.4945	75.1229
204	74.4945	74.9781
205	74.3372	74.8155
206	74.3372	74.6767
207	73.86	74.5574
208	74.0546	74.4594
209	74.0111	74.378
210	73.6592	74.2784
211	73.6592	74.1721
212	73.6592	74.0578
213	73.6592	73.9401
214	73.6592	73.8365
215	73.631	73.7489
216	73.2431	73.6859
217	73.2431	73.6422
218	73.0533	73.5839
219	72.8745	73.4737
220	72.8745	73.3318
221	72.8745	73.184
222	72.8745	73.0602
223	72.8546	72.9739
224	71.8655	72.9041
225	71.8655	72.8051
226	71.8456	72.6079
227	71.6599	72.3359
228	71.64	72.0735
229	71.64	71.8954
230	71.4478	71.7855
231	71.4478	71.7179
232	71.4478	71.6458
233	71.4478	71.5745
234	71.3852	71.5155
235	71.1931	71.4737
236	71.1931	71.432
237	71.1931	71.3859
238	71.1706	71.3132
239	71.1615	71.2489
240	70.9203	71.2107
241	70.9203	71.1817
242	70.9203	71.1456
243	70.9203	71.0819
244	70.9203	71.0222
245	70.9203	70.9668
246	70.9203	70.9264
247	70.9203	70.9203
248	70.9203	70.9203
249	70.9203	70.9203
250	70.9203	70.9203
251	70.9203	70.9203
252	70.9203	70.9203
253	70.9203	70.9203
254	70.8586	70.9203
255	70.9203	70.9203
256	70.8677	70.9203
257	70.8677	70.9196
258	70.4021	70.907
259	70.3495	70.8418
260	70.3495	70.721
261	70.3495	70.5758
262	70.3495	70.4531
263	70.3495	70.3827
264	70.3495	70.3557
265	70.3495	70.3495
266	70.3495	70.3495
267	70.3495	70.3495
268	70.2306	70.3495
269	70.2306	70.3473
270	70.2306	70.3323
271	70.1689	70.3013
272	70.1689	70.266
273	70.1689	70.2323
274	70.1689	70.2069
275	70.1689	70.1899
276	70.1689	70.1779
277	70.1689	70.1708
278	70.1689	70.1689
279	70.1689	70.1689
280	70.1689	70.1689
281	70.1689	70.1689
282	70.1689	70.1689
283	70.1689	70.1689
284	70.1689	70.1689
285	70.1689	70.1689
286	70.1689	70.1689
287	70.1689	70.1689
288	70.1689	70.1689
289	70.1689	70.1689
290	70.1689	70.1689
291	70.1689	70.1689
292	70.1689	70.1689
293	70.1689	70.1689
294	70.1689	70.1689
295	70.1689	70.1689
296	70.1689	70.1689
297	70.1689	70.1689
298	70.1689	70.1689
299	70.1689	70.1689
300	70.1689	70.1689
301	70.1689	70.1689
302	70.1689	70.1689
303	70.1689	70.1689
304	70.1689	70.1689
305	70.1689	70.1689
306	70.1689	70.1689
307	70.1689	70.1689
308	70.1689	70.1689
309	70.1689	70.1689
310	70.1689	70.1689
311	70.1689	70.1689
312	70.1689	70.1689
313	70.1689	70.1689
314	70.1689	70.1689
315	70.1689	70.1689
316	70.1689	70.1689
317	70.1689	70.1689
318	70.1689	70.1689
319	70.1689	70.1689
320	70.1689	70.1689
321	70.1689	70.1689
322	70.1689	70.1689
323	70.1529	70.1688
324	70.1529	70.1683
325	70.1529	70.3449
326	70.1529	70.9469
327	70.1529	71.6161
328	70.1529	72.124
329	70.1529	72.1065
330	70.1529	71.8442
331	70.1529	71.1547
332	70.1529	70.52
333	70.1529	70.2364
334	70.1529	70.1566
335	70.1529	70.1529
336	70.1529	70.1529
337	70.1529	70.1529
338	70.1529	70.1529
339	69.5224	70.1479
340	69.5224	70.1274
341	69.5224	70.2088
342	69.5224	70.8015
343	69.5224	71.4542
344	69.5224	71.8546
345	69.5224	71.6339
346	69.5224	70.8962
347	69.5224	70.3691
348	69.5224	69.8785
349	69.5224	69.6277
350	69.5224	69.5224
351	69.5224	69.5224
352	69.5224	69.5224
353	69.5224	69.5224
354	69.5224	69.5224
355	69.5224	69.5224
356	69.5224	69.5224
357	69.5224	69.5224
358	69.5224	69.5224
359	69.5224	69.5224
360	69.5224	69.5224
361	69.5224	69.5224
362	69.5224	69.5224
363	69.5224	69.5224
364	69.5224	69.5224
365	69.5224	69.5224
366	69.5224	69.5224
367	69.5224	69.5224
368	69.5224	69.5224
369	69.5224	69.5224
370	69.5224	69.5224
371	69.5224	69.5224
372	69.5224	69.5224
373	69.5224	69.5224
374	69.5224	69.5224
375	69.5224	69.5224
376	69.5224	69.5224
377	69.5224	69.5224
378	69.5224	69.5224
379	69.5224	69.5224
380	69.5224	69.5224
381	69.5224	69.5224
382	69.5224	69.5224
383	69.5224	69.5224
384	69.5224	69.5224
385	69.5224	69.5224
386	69.5224	69.5224
387	69.5224	69.5224
388	69.5224	69.5224
389	69.5224	69.5224
390	69.5224	69.5224
391	69.5224	69.5224
392	69.5224	69.5224
393	69.3905	69.5223
394	69.3905	69.5201
395	69.3905	69.5065
396	69.3905	69.4755
397	69.3905	69.4407
398	69.3905	69.4114
399	69.3905	69.3908
400	69.3905	69.3905
401	69.3905	69.3905
402	69.3905	69.3905
403	69.3905	69.3905
404	69.2612	69.3889
405	69.2356	69.3759
406	69.2356	69.3446
407	69.2356	69.3071
408	69.2356	69.2691
409	69.1641	69.2426
410	69.2356	69.2373
411	69.2356	69.2356
412	69.2356	69.2356
413	69.2356	69.2356
414	69.2356	69.2356
415	69.2356	69.2356
416	69.2356	69.2356
417	69.2356	69.2356
418	69.2356	69.2356
419	69.2356	69.2356
420	69.2356	69.2356
421	69.2356	69.2356
422	69.2356	69.2356
423	69.2356	69.2356
424	69.2356	69.2356
425	69.2356	69.2356
426	69.2356	69.2356
427	69.2356	69.2356
428	69.2356	69.2356
429	69.2356	69.2356
430	69.2356	69.2356
431	69.2356	69.2356
432	69.2356	69.2356
433	69.2356	69.2356
434	69.2356	69.2356
435	69.2356	69.2356
436	69.2356	69.2356
437	69.2356	69.2356
438	69.1641	69.2356
439	69.1641	69.2345
440	69.1641	69.2259
441	69.1641	69.209
442	69.1641	69.1904
443	69.1641	69.1752
444	69.1641	69.1646
445	69.1641	69.1641
446	69.1641	69.1641
447	69.1641	69.1641
448	69.1641	69.1641
449	69.1641	69.1641
450	69.1641	69.1641
451	69.1641	69.1641
452	69.1641	69.1641
453	69.1641	69.1641
454	69.1641	69.1641
455	69.1641	69.1641
456	69.1641	69.1641
457	68.9157	69.1603
458	68.9157	69.1321
459	68.9157	69.0707
460	68.9157	69.0061
461	68.9157	68.9492
462	68.9157	68.9157
463	68.9157	68.9157
464	68.9157	68.9157
465	68.9157	68.9157
466	68.9157	68.9157
467	68.9157	68.9157
468	68.9157	68.9157
469	68.9157	68.9157
470	68.9157	68.9157
471	68.9157	68.9157
472	68.9157	68.9157
473	68.9157	68.9157
474	68.9157	68.9157
475	68.9157	68.9157
476	68.9157	68.9157
477	68.9157	68.9157
478	68.9157	68.9157
479	68.9157	68.9157
480	68.9157	68.9157
481	68.9157	68.9157
482	68.9157	68.9157
483	68.9157	68.9157
484	68.9157	68.9157
485	68.9157	68.9157
486	68.9157	68.9157
487	68.9157	68.9157
488	68.9157	68.9157
489	68.9157	68.9157
490	68.9157	68.9157
491	68.9157	68.9157
492	68.9157	68.9157
493	68.9157	68.9157
494	68.9157	68.9157
495	68.9157	68.9157
496	68.9157	68.9157
497	68.9157	68.9157
498	68.9157	68.9157
499	68.9157	68.9157
500	68.9157	68.9157
501	68.9157	68.9157
502	68.9157	68.9157
503	68.9157	68.9157
504	68.9157	68.9157
505	68.9157	68.9157
506	68.9157	68.9157
507	68.9157	68.9157
508	68.9157	68.9157
509	68.9157	68.9157
510	68.9157	68.9157
511	68.9157	68.9157
512	68.9157	68.9157
513	68.9157	68.9157
514	68.9157	68.9157
515	68.9157	68.9157
516	68.9157	68.9157
517	68.9157	68.9157
518	68.9157	68.9157
519	68.9157	68.9157
520	68.9157	68.9157
521	68.9157	68.9157
522	68.9157	68.9157
523	68.9157	68.9157
524	68.9157	68.9157
525	68.9157	68.9157
526	68.9157	68.9157
527	68.9157	68.9157
528	68.9157	68.9157
529	68.9157	68.9157
530	68.9157	68.9157
531	68.9157	68.9157
532	68.9157	68.9157
533	68.9157	68.9157
534	68.9157	68.9157
535	68.9157	68.9157
536	68.9157	68.9157
537	68.9157	68.9157
538	68.9157	68.9157
539	68.9157	68.9157
540	68.9157	68.9157
541	68.9157	68.9157
542	68.9157	68.9157
543	68.9157	68.9157
544	68.9157	68.9157
545	68.9157	68.9157
546	68.9157	68.9157
547	68.9157	68.9157
548	68.9157	68.9157
549	68.9157	68.9157
550	68.9157	68.9157
551	68.9157	68.9157
552	68.9157	68.9157
553	68.9157	68.9157
554	68.9157	68.9157
555	68.9157	68.9157
556	68.9157	68.9157
557	68.9157	68.9157
558	68.9157	68.9157
559	68.9157	68.9157
560	68.9157	68.9157
561	68.9157	68.9157
562	68.9157	68.9157
563	68.9157	68.9157
564	68.9157	68.9157
565	68.9157	68.9157
566	68.9157	68.9157
567	68.9157	68.9157
568	68.9157	68.9157
569	68.9157	68.9157
570	68.9157	68.9157
571	68.9157	68.9157
572	68.9157	68.9157
573	68.9157	68.9157
574	68.9157	68.9157
575	68.9157	68.9157
576	68.9157	68.9157
577	68.9157	68.9157
578	68.9157	68.9157
579	68.9157	68.9157
580	68.9157	68.9157
581	68.9157	68.9157
582	68.9157	68.9157
583	68.9157	68.9157
584	68.9157	68.9157
585	68.9157	68.9157
586	68.9157	68.9157
587	68.9157	68.9157
588	68.9157	68.9157
589	68.9157	68.9157
590	68.9157	68.9157
591	68.9157	68.9157
592	68.9157	68.9157
593	68.9157	68.9157
594	68.9157	68.9157
595	68.9157	68.9157
596	68.9157	68.9157
597	68.9157	68.9157
598	68.9157	68.9157
599	68.9157	68.9157
600	68.9157	68.9157
601	68.9157	68.9157
602	68.9157	68.9157
603	68.9157	68.9157
604	68.9157	68.9157
605	68.9157	68.9157
606	68.9157	68.9157
607	68.9157	68.9157
608	68.9157	68.9157
609	68.9157	68.9157
610	68.9157	68.9157
611	68.9157	68.9157
612	68.9157	68.9157
613	68.9157	68.9157
614	68.9157	68.9157
615	68.9157	68.9157
616	68.9157	68.9157
617	68.9157	68.9157
618	68.9157	68.9157
619	68.9157	68.9157
620	68.9157	68.9157
621	68.9157	68.9157
622	68.9157	68.9157
623	68.9157	68.9157
624	68.9157	68.9157
625	68.9157	68.9157
626	68.8815	68.9157
627	68.9157	68.9157
628	68.9157	68.9157
629	68.9157	68.9157
630	68.9157	68.9157
631	68.9157	68.9157
632	68.9157	68.9157
633	68.9157	68.9157
634	68.9157	68.9157
635	68.9157	68.9157
636	68.9157	68.9157
637	68.9157	68.9157
638	68.9157	68.9157
639	68.9157	68.9157
640	68.9157	68.9157
641	68.9157	68.9157
642	68.9157	68.9157
643	68.9157	68.9157
644	68.9157	68.9157
645	68.9157	68.9157
646	68.9157	68.9157
647	68.9157	68.9157
648	68.9157	68.9157
649	68.9157	68.9157
650	68.9157	68.9157
651	68.9157	68.9157
652	68.9157	68.9157
653	68.9157	68.9157
654	68.9157	68.9157
655	68.9157	68.9157
656	68.9157	68.9157
657	68.9157	68.9157
658	68.9157	68.9157
659	68.9157	68.9157
660	68.9157	68.9157
661	68.9157	68.9157
662	68.9157	68.9157
663	68.9157	68.9157
664	68.9157	68.9157
665	68.9157	68.9157
666	68.9157	68.9157
667	68.9157	68.9157
668	68.9157	68.9157
669	68.9157	68.9157
670	68.9157	68.9157
671	68.9157	68.9157
672	68.9157	68.9157
673	68.9157	68.9157
674	68.9157	68.9157
675	68.9157	68.9157
676	68.9157	68.9157
677	68.9157	68.9157
678	68.9157	68.9157
679	68.9157	68.9157
680	68.9157	68.9157
681	68.9157	68.9157
682	68.9157	68.9157
683	68.9157	68.9157
684	68.9157	68.9157
685	68.9157	68.9157
686	68.9157	68.9157
687	68.9157	68.9157
688	68.9157	68.9157
689	68.9157	68.9157
690	68.9157	68.9157
691	68.9157	68.9157
692	68.9157	68.9157
693	68.9157	68.9157
694	68.9157	68.9157
695	68.9157	68.9157
696	68.9157	68.9157
697	68.9157	68.9157
698	68.9157	68.9157
699	68.9157	68.9157
700	68.9157	68.9157
701	68.9157	68.9157
702	68.9157	68.9157
703	68.9157	68.9157
704	68.9157	68.9157
705	68.9157	68.9157
706	68.9157	68.9157
707	68.9157	68.9157
708	68.9157	68.9157
709	68.9157	68.9157
710	68.9157	68.9157
711	68.9157	68.9157
712	68.9157	68.9157
713	68.9157	68.9157
714	68.9157	68.9157
715	68.9157	68.9157
716	68.9157	68.9157
717	68.9157	68.9157
718	68.9157	68.9157
719	68.9157	68.9157
720	68.9157	68.9157
721	68.9157	68.9157
722	68.9157	68.9157
723	68.9157	68.9157
724	68.9157	68.9157
725	68.9157	68.9157
726	68.9157	68.9157
727	68.9157	68.9157
728	68.9157	68.9157
729	68.9157	68.9157
730	68.9157	68.9157
731	68.9157	68.9157
732	68.9157	68.9157
733	68.9157	68.9157
734	68.9157	68.9157
735	68.9157	68.9157
736	68.9157	68.9157
737	68.9157	68.9157
738	68.9157	68.9157
739	68.9157	68.9157
740	68.9157	68.9157
741	68.9157	68.9157
742	68.9157	68.9157
743	68.9157	68.9157
744	68.9157	68.9157
745	68.9157	68.9157
746	68.9157	68.9157
747	68.9157	68.9157
748	68.9157	68.9157
749	68.9157	68.9157
750	68.9157	68.9157
751	68.9157	68.9157
752	68.9157	68.9157
753	68.9157	68.9157
754	68.9157	68.9157
755	68.9157	68.9157
756	68.9157	68.9157
757	68.9157	68.9157
758	68.9157	68.9157
759	68.9157	68.9157
760	68.9157	68.9157
761	68.9157	68.9157
762	68.9157	68.9157
763	68.9157	68.9157
764	68.9157	68.9157
765	68.9157	68.9157
766	68.9157	68.9157
767	68.9157	68.9157
768	68.9157	68.9157
769	68.9157	68.9157
770	68.9157	68.9157
771	68.9157	68.9157
772	68.9157	68.9157
773	68.9157	68.9157
774	68.9157	68.9157
775	68.9157	68.9157
776	68.9157	68.9157
777	68.9157	68.9157
778	68.9157	68.9157
779	68.9157	68.9157
780	68.9157	68.9157
781	68.9157	68.9157
782	68.9157	68.9157
783	68.9157	68.9157
784	68.9157	68.9157
785	68.9157	68.9157
786	68.9157	68.9157
787	68.9157	68.9157
788	68.9157	68.9157
789	68.9157	68.9157
790	68.9157	68.9157
791	68.9157	68.9157
792	68.9157	68.9157
793	68.9157	68.9157
794	68.9157	68.9157
795	68.9157	68.9157
796	68.9157	68.9157
797	68.9157	68.9157
798	68.9157	68.9157
799	68.9157	68.9157
800	68.9157	68.9157
801	68.9157	68.9157
802	68.9157	68.9157
803	68.9157	68.9157
804	68.9157	68.9157
805	68.9157	68.9157
806	68.9157	68.9157
807	68.9157	68.9157
808	68.9157	68.9157
809	68.9157	68.9157
810	68.9157	68.9157
811	68.9157	68.9157
812	68.9157	68.9157
813	68.9157	68.9157
814	68.9157	68.9157
815	68.9157	68.9157
816	68.9157	68.9157
817	68.9157	68.9157
818	68.9157	68.9157
819	68.9157	68.9157
820	68.9157	68.9157
821	68.9157	68.9157
822	68.9157	68.9157
823	68.9157	68.9157
824	68.9157	68.9157
825	68.9157	68.9157
826	68.9157	68.9157
827	68.9157	68.9157
828	68.9157	68.9157
829	68.9157	68.9157
830	68.9157	68.9157
831	68.9157	68.9157
832	68.9157	68.9157
833	68.9157	68.9157
834	68.9157	68.9157
835	68.9157	68.9157
836	68.9157	68.9157
837	68.9157	68.9157
838	68.9157	68.9157
839	68.9157	68.9157
840	68.9157	68.9157
841	68.9157	68.9157
842	68.9157	68.9157
843	68.9157	68.9157
844	68.9157	68.9157
845	68.9157	68.9157
846	68.9157	68.9157
847	68.9157	68.9157
848	68.9157	68.9157
849	68.9157	68.9157
850	68.9157	68.9157
851	68.9157	68.9157
852	68.9157	68.9157
853	68.9157	68.9157
854	68.9157	68.9157
855	68.9157	68.9157
856	68.9157	68.9157
857	68.9157	68.9157
858	68.9157	68.9157
859	68.9157	68.9157
860	68.9157	68.9157
861	68.9157	68.9157
862	68.9157	68.9157
863	68.9157	68.9157
864	68.9157	68.9157
865	68.9157	68.9157
866	68.9157	68.9157
867	68.9157	68.9157
868	68.9157	68.9157
869	68.9157	68.9157
870	68.9157	68.9157
871	68.9157	68.9157
872	68.9157	68.9157
873	68.9157	68.9157
874	68.9157	68.9157
875	68.9157	68.9157
876	68.9157	68.9157
877	68.9157	68.9157
878	68.9157	68.9157
879	68.9157	68.9157
880	68.9157	68.9157
881	68.9157	68.9157
882	68.9157	68.9157
883	68.9157	68.9157
884	68.9157	68.9157
885	68.9157	68.9157
886	68.9157	68.9157
887	68.9157	68.9157
888	68.9157	68.9157
889	68.9157	68.9157
890	68.9157	68.9157
891	68.9157	68.9157
892	68.9157	68.9157
893	68.9157	68.9157
894	68.9157	68.9157
895	68.9157	68.9157
896	68.9157	68.9157
897	68.9157	68.9157
898	68.9157	68.9157
899	68.9157	68.9157
900	68.9157	68.9157
901	68.9157	68.9157
902	68.9157	68.9157
903	68.9157	68.9157
904	68.9157	68.9157
905	68.9157	68.9157
906	68.9157	68.9157
907	68.9157	68.9157
908	68.9157	68.9157
909	68.9157	68.9157
910	68.9157	68.9157
911	68.9157	68.9157
912	68.9157	68.9157
913	68.9157	68.9157
914	68.9157	68.9157
915	68.9157	68.9157
916	68.9157	68.9157
917	68.9157	68.9157
918	68.9157	68.9157
919	68.9157	68.9157
920	68.9157	68.9157
921	68.9157	68.9157
922	68.9157	68.9157
923	68.9157	68.9157
924	68.9157	68.9157
925	68.9157	68.9157
926	68.9157	68.9157
927	68.9157	68.9157
928	68.9157	68.9157
929	68.9157	68.9157
930	68.9157	68.9157
931	68.9157	68.9157
932	68.9157	68.9157
933	68.9157	68.9157
934	68.9157	68.9157
935	68.9157	68.9157
936	68.9157	68.9157
937	68.9157	68.9157
938	68.9157	68.9157
939	68.9157	68.9157
940	68.9157	68.9157
941	68.9157	68.9157
942	68.9157	68.9157
943	68.9157	68.9157
944	68.9157	68.9157
945	68.9157	68.9157
946	68.9157	68.9157
947	68.9157	68.9157
948	68.9157	68.9157
949	68.9157	68.9157
950	68.9157	68.9157
951	68.9157	68.9157
952	68.9157	68.9157
953	68.9157	68.9157
954	68.9157	68.9157
955	68.9157	68.9157
956	68.9157	68.9157
957	68.9157	68.9157
958	68.9157	68.9157
959	68.9157	68.9157
960	68.9157	68.9157
961	68.9157	68.9157
962	68.9157	68.9157
963	68.9157	68.9157
964	68.9157	68.9157
965	68.9157	68.9157
966	68.9157	68.9157
967	68.9157	68.9157
968	68.9157	68.9157
969	68.9157	68.9157
970	68.9157	68.9157
971	68.9157	68.9157
972	68.9157	68.9157
973	68.9157	68.9157
974	68.9157	68.9157
975	68.9157	68.9157
976	68.9157	68.9157
977	68.9157	68.9157
978	68.9157	68.9157
979	68.9157	68.9157
980	68.9157	68.9157
981	68.9157	68.9157
982	68.9157	68.9157
983	68.9157	68.9157
984	68.9157	68.9157
985	68.9157	68.9157
986	68.9157	68.9157
987	68.9157	68.9157
988	68.9157	68.9157
989	68.9157	68.9157
990	68.9157	68.9157
991	68.9157	68.9157
992	68.9157	68.9157
993	68.9157	68.9157
994	68.9157	68.9157
995	68.9157	68.9157
996	68.9157	68.9157
997	68.9157	68.9157
998	68.9157	68.9157
999	68.9157	68.9157
1000	68.9157	68.9157
1001	68.9157	68.9157
1002	68.9157	68.9157
1003	68.9157	68.9157
1004	68.9157	68.9157
1005	68.9157	68.9157
1006	68.9157	68.9157
1007	68.9157	68.9157
1008	68.9157	68.9157
1009	68.9157	68.9157
1010	68.9157	68.9157
1011	68.9157	68.9157
1012	68.9157	68.9157
1013	68.9157	68.9157
1014	68.9157	68.9157
1015	68.9157	68.9157
1016	68.9157	68.9157
1017	68.9157	68.9157
1018	68.9157	68.9157
1019	68.9157	68.9157
1020	68.9157	68.9157
1021	68.9157	68.9157
1022	68.9157	68.9157
1023	68.9157	68.9157
1024	68.9157	68.9157
1025	68.9157	68.9157
1026	68.9157	68.9157
1027	68.9157	68.9157
1028	68.9157	68.9157
1029	68.9157	68.9157
1030	68.9157	68.9157
1031	68.9157	68.9157
1032	68.9157	68.9157
1033	68.9157	68.9157
1034	68.9157	68.9157
1035	68.9157	68.9157
1036	68.9157	68.9157
1037	68.9157	68.9157
1038	68.9157	68.9157
1039	68.9157	68.9157
1040	68.9157	68.9157
1041	68.9157	68.9157
1042	68.9157	68.9157
1043	68.9157	68.9157
1044	68.9157	68.9157
1045	68.9157	68.9157
1046	68.9157	68.9157
1047	68.9157	68.9157
1048	68.9157	68.9157
1049	68.9157	68.9157
1050	68.9157	68.9157
1051	68.9157	68.9157
1052	68.9157	68.9157
1053	68.9157	68.9157
1054	68.9157	68.9157
1055	68.9157	68.9157
1056	68.9157	68.9157
1057	68.9157	68.9157
1058	68.9157	68.9157
1059	68.9157	68.9157
1060	68.9157	68.9157
1061	68.9157	68.9157
1062	68.9157	68.9157
1063	68.9157	68.9157
1064	68.9157	68.9157
1065	68.9157	68.9157
1066	68.9157	68.9157
1067	68.9157	68.9157
1068	68.9157	68.9157
1069	68.9157	68.9157
1070	68.9157	68.9157
1071	68.9157	68.9157
1072	68.9157	68.9157
1073	68.9157	68.9157
1074	68.9157	68.9157
1075	68.9157	68.9157
1076	68.9157	68.9157
1077	68.9157	68.9157
1078	68.9157	68.9157
1079	68.9157	68.9157
1080	68.9157	68.9157
1081	68.9157	68.9157
1082	68.9157	68.9157
1083	68.9157	68.9157
1084	68.9157	68.9157
1085	68.9157	68.9157
1086	68.9157	68.9157
1087	68.9157	68.9157
1088	68.9157	68.9157
1089	68.9157	68.9157
1090	68.9157	68.9157
1091	68.9157	68.9157
1092	68.9157	68.9157
1093	68.9157	68.9157
1094	68.9157	68.9157
1095	68.9157	68.9157
1096	68.9157	68.9157
1097	68.9157	68.9157
1098	68.9157	68.9157
1099	68.9157	68.9157
1100	68.9157	68.9157
1101	68.9157	68.9157
1102	68.9157	68.9157
1103	68.9157	68.9157
1104	68.9157	68.9157
1105	68.9157	68.9157
1106	68.9157	68.9157
1107	68.9157	68.9157
1108	68.9157	68.9157
1109	68.9157	68.9157
1110	68.9157	68.9157
1111	68.9157	68.9157
1112	68.9157	68.9157
1113	68.9157	68.9157
1114	68.9157	68.9157
1115	68.9157	68.9157
1116	68.9157	68.9157
1117	68.9157	68.9157
1118	68.9157	68.9157
1119	68.9157	68.9157
1120	68.9157	68.9157
1121	68.9157	68.9157
1122	68.9157	68.9157
1123	68.9157	68.9157
1124	68.9157	68.9157
1125	68.9157	68.9157
1126	68.9157	68.9157
1127	68.9157	68.9157
1128	68.9157	68.9157
1129	68.9157	68.9157
1130	68.9157	68.9157
1131	68.9157	68.9157
1132	68.9157	68.9157
1133	68.9157	68.9157
1134	68.9157	68.9157
1135	68.9157	68.9157
1136	68.9157	68.9157
1137	68.9157	68.9157
1138	68.9157	68.9157
1139	68.9157	68.9157
1140	68.9157	68.9157
1141	68.9157	68.9157
1142	68.9157	68.9157
1143	68.9157	68.9157
1144	68.9157	68.9157
1145	68.9157	68.9157
1146	68.9157	68.9157
1147	68.9157	68.9157
1148	68.9157	68.9157
1149	68.9157	68.9157
1150	68.9157	68.9157
1151	68.9157	68.9157
1152	68.9157	68.9157
1153	68.9157	68.9157
1154	68.9157	68.9157
1155	68.9157	68.9157
1156	68.9157	68.9157
1157	68.9157	68.9157
1158	68.9157	68.9157
1159	68.9157	68.9157
1160	68.9157	68.9157
1161	68.9157	68.9157
1162	68.9157	68.9157
1163	68.9157	68.9157
1164	68.9157	68.9157
1165	68.9157	68.9157
1166	68.9157	68.9157
1167	68.9157	68.9157
1168	68.9157	68.9157
1169	68.9157	68.9157
1170	68.9157	68.9157
1171	68.9157	68.9157
1172	68.9157	68.9157
1173	68.9157	68.9157
1174	68.9157	68.9157
1175	68.9157	68.9157
1176	68.9157	68.9157
1177	68.9157	68.9157
1178	68.9157	68.9157
1179	68.9157	68.9157
1180	68.9157	68.9157
1181	68.9157	68.9157
1182	68.9157	68.9157
1183	68.9157	68.9157
1184	68.9157	68.9157
1185	68.9157	68.9157
1186	68.9157	68.9157
1187	68.9157	68.9157
1188	68.9157	68.9157
1189	68.9157	68.9157
1190	68.9157	68.9157
1191	68.9157	68.9157
1192	68.9157	68.9157
1193	68.9157	68.9157
1194	68.9157	68.9157
1195	68.9157	68.9157
1196	68.9157	68.9157
1197	68.9157	68.9157
1198	68.9157	68.9157
1199	68.9157	68.9157
1200	68.9157	68.9157
1201	68.9157	68.9157
1202	68.9157	68.9157
1203	68.9157	68.9157
1204	68.9157	68.9157
1205	68.9157	68.9157
1206	68.9157	68.9157
1207	68.9157	68.9157
1208	68.9157	68.9157
1209	68.9157	68.9157
1210	68.9157	68.9157
1211	68.9157	68.9157
1212	68.9157	68.9157
1213	68.9157	68.9157
1214	68.9157	68.9157
1215	68.9157	68.9157
1216	68.9157	68.9157
1217	68.9157	68.9157
1218	68.9157	68.9157
1219	68.9157	68.9157
1220	68.9157	68.9157
1221	68.9157	68.9157
1222	68.9157	68.9157
1223	68.9157	68.9157
1224	68.9157	68.9157
1225	68.9157	68.9157
1226	68.9157	68.9157
1227	68.9157	68.9157
1228	68.9157	68.9157
1229	68.9157	68.9157
1230	68.9157	68.9157
1231	68.9157	68.9157
1232	68.9157	68.9157
1233	68.9157	68.9157
1234	68.9157	68.9157
1235	68.9157	68.9157
1236	68.9157	68.9157
1237	68.9157	68.9157
1238	68.9157	68.9157
1239	68.9157	68.9157
1240	68.9157	68.9157
1241	68.9157	68.9157
1242	68.9157	68.9157
1243	68.9157	68.9157
1244	68.9157	68.9157
1245	68.9157	68.9157
1246	68.9157	68.9157
1247	68.9157	68.9157
1248	68.9157	68.9157
1249	68.9157	68.9157
1250	68.9157	68.9157
1251	68.9157	68.9157
1252	68.9157	68.9157
1253	68.9157	68.9157
1254	68.9157	68.9157
1255	68.9157	68.9157
1256	68.9157	68.9157
1257	68.9157	68.9157
1258	68.9157	68.9157
1259	68.9157	68.9157
1260	68.9157	68.9157
1261	68.9157	68.9157
1262	68.9157	68.9157
1263	68.9157	68.9157
1264	68.9157	68.9157
1265	68.9157	68.9157
1266	68.9157	68.9157
1267	68.9157	68.9157
1268	68.9157	68.9157
1269	68.9157	68.9157
1270	68.9157	68.9157
1271	68.9157	68.9157
1272	68.9157	68.9157
1273	68.9157	68.9157
1274	68.9157	68.9157
1275	68.9157	68.9157
1276	68.9157	68.9157
1277	68.9157	68.9157
1278	68.9157	68.9157
1279	68.9157	68.9157
1280	68.9157	68.9157
1281	68.9157	68.9157
1282	68.9157	68.9157
1283	68.9157	68.9157
1284	68.9157	68.9157
1285	68.9157	68.9157
1286	68.9157	68.9157
1287	68.9157	68.9157
1288	68.9157	68.9157
1289	68.9157	68.9157
1290	68.9157	68.9157
1291	68.9157	68.9157
1292	68.9157	68.9157
1293	68.9157	68.9157
1294	68.9157	68.9157
1295	68.9157	68.9157
1296	68.9157	68.9157
1297	68.9157	68.9157
1298	68.9157	68.9157
1299	68.9157	68.9157
1300	68.9157	68.9157
1301	68.9157	68.9157
1302	68.9157	68.9157
1303	68.9157	68.9157
1304	68.9157	68.9157
1305	68.9157	68.9157
1306	68.9157	68.9157
1307	68.9157	68.9157
1308	68.9157	68.9157
1309	68.9157	68.9157
1310	68.9157	68.9157
1311	68.9157	68.9157
1312	68.9157	68.9157
1313	68.9157	68.9157
1314	68.9157	68.9157
1315	68.9157	68.9157
1316	68.9157	68.9157
1317	68.9157	68.9157
1318	68.9157	68.9157
1319	68.9157	68.9157
1320	68.9157	68.9157
1321	68.9157	68.9157
1322	68.9157	68.9157
1323	68.9157	68.9157
1324	68.9157	68.9157
1325	68.9157	68.9157
1326	68.9157	68.9157
1327	68.9157	68.9157
1328	68.9157	68.9157
1329	68.9157	68.9157
1330	68.9157	68.9157
1331	68.9157	68.9157
1332	68.9157	68.9157
1333	68.9157	68.9157
1334	68.9157	68.9157
1335	68.9157	68.9157
1336	68.9157	68.9157
1337	68.9157	68.9157
1338	68.9157	68.9157
1339	68.9157	68.9157
1340	68.9157	68.9157
1341	68.9157	68.9157
1342	68.9157	68.9157
1343	68.9157	68.9157
1344	68.9157	68.9157
1345	68.9157	68.9157
1346	68.9157	68.9157
1347	68.9157	68.9157
1348	68.9157	68.9157
1349	68.9157	68.9157
1350	68.9157	68.9157
1351	68.9157	68.9157
1352	68.9157	68.9157
1353	68.9157	68.9157
1354	68.9157	68.9157
1355	68.9157	68.9157
1356	68.9157	68.9157
1357	68.9157	68.9157
1358	68.9157	68.9157
1359	68.9157	68.9157
1360	68.9157	68.9157
1361	68.9157	68.9157
1362	68.9157	68.9157
1363	68.9157	68.9157
1364	68.9157	68.9157
1365	68.9157	68.9157
1366	68.9157	68.9157
1367	68.9157	68.9157
1368	68.9157	68.9157
1369	68.9157	68.9157
1370	68.9157	68.9157
1371	68.9157	68.9157
1372	68.9157	68.9157
1373	68.9157	68.9157
1374	68.9157	68.9157
1375	68.9157	68.9157
1376	68.9157	68.9157
1377	68.9157	68.9157
1378	68.9157	68.9157
1379	68.9157	68.9157
1380	68.9157	68.9157
1381	68.9157	68.9157
1382	68.9157	68.9157
1383	68.9157	68.9157
1384	68.9157	68.9157
1385	68.9157	68.9157
1386	68.9157	68.9157
1387	68.9157	68.9157
1388	68.9157	68.9157
1389	68.9157	68.9157
1390	68.9157	68.9157
1391	68.9157	68.9157
1392	68.9157	68.9157
1393	68.9157	68.9157
1394	68.9157	68.9157
1395	68.9157	68.9157
1396	68.9157	68.9157
1397	68.9157	68.9157
1398	68.9157	68.9157
1399	68.9157	68.9157
1400	68.9157	68.9157
1401	68.9157	68.9157
1402	68.9157	68.9157
1403	68.9157	68.9157
1404	68.9157	68.9157
1405	68.9157	68.9157
1406	68.9157	68.9157
1407	68.9157	68.9157
1408	68.9157	68.9157
1409	68.9157	68.9157
1410	68.9157	68.9157
1411	68.9157	68.9157
1412	68.9157	68.9157
1413	68.9157	68.9157
1414	68.9157	68.9157
1415	68.9157	68.9157
1416	68.9157	68.9157
1417	68.9157	68.9157
1418	68.9157	68.9157
1419	68.9157	68.9157
1420	68.9157	68.9157
1421	68.9157	68.9157
1422	68.9157	68.9157
1423	68.9157	68.9157
1424	68.9157	68.9157
1425	68.9157	68.9157
1426	68.9157	68.9157
1427	68.9157	68.9157
1428	68.9157	68.9157
1429	68.9157	68.9157
1430	68.9157	68.9157
1431	68.9157	68.9157
1432	68.9157	68.9157
1433	68.9157	68.9157
1434	68.9157	68.9157
1435	68.9157	68.9157
1436	68.9157	68.9157
1437	68.9157	68.9157
1438	68.9157	68.9157
1439	68.9157	68.9157
1440	68.9157	68.9157
1441	68.9157	68.9157
1442	68.9157	68.9157
1443	68.9157	68.9157
1444	68.9157	68.9157
1445	68.9157	68.9157
1446	68.9157	68.9157
1447	68.9157	68.9157
1448	68.9157	68.9157
1449	68.9157	68.9157
1450	68.9157	68.9157
1451	68.9157	68.9157
1452	68.9157	68.9157
1453	68.9157	68.9157
1454	68.9157	68.9157
1455	68.9157	68.9157
1456	68.9157	68.9157
1457	68.9157	68.9157
1458	68.9157	68.9157
1459	68.9157	68.9157
1460	68.9157	68.9157
1461	68.9157	68.9157
1462	68.9157	68.9157
1463	68.9157	68.9157
1464	68.9157	68.9157
1465	68.9157	68.9157
1466	68.9157	68.9157
1467	68.9157	68.9157
1468	68.9157	68.9157
1469	68.9157	68.9157
1470	68.9157	68.9157
1471	68.9157	68.9157
1472	68.8815	68.9157
1473	68.9157	68.9157
1474	68.9157	68.9157
1475	68.9157	68.9157
1476	68.9157	68.9157
1477	68.9157	68.9157
1478	68.9157	68.9157
1479	68.9157	68.9157
1480	68.9157	68.9157
1481	68.9157	68.9157
1482	68.9157	68.9157
1483	68.9157	68.9157
1484	68.9157	68.9157
1485	68.9157	68.9157
1486	68.9157	68.9157
1487	68.9157	68.9157
1488	68.9157	68.9157
1489	68.9157	68.9157
1490	68.9157	68.9157
1491	68.9157	68.9157
1492	68.9157	68.9157
1493	68.9157	68.9157
1494	68.9157	68.9157
1495	68.9157	68.9157
1496	68.9157	68.9157
1497	68.9157	68.9157
1498	68.9157	68.9157
1499	68.9157	68.9157
1500	68.9157	68.9157
1501	68.9157	68.9157
1502	68.9157	68.9157
1503	68.9157	68.9157
1504	68.9157	68.9157
1505	68.9157	68.9157
1506	68.9157	68.9157
1507	68.9157	68.9157
1508	68.9157	68.9157
1509	68.9157	68.9157
1510	68.9157	68.9157
1511	68.9157	68.9157
1512	68.9157	68.9157
1513	68.9157	68.9157
1514	68.9157	68.9157
1515	68.9157	68.9157
1516	68.9157	68.9157
1517	68.9157	68.9157
1518	68.9157	68.9157
1519	68.9157	68.9157
1520	68.9157	68.9157
1521	68.9157	68.9157
1522	68.9157	68.9157
1523	68.9157	68.9157
1524	68.9157	68.9157
1525	68.9157	68.9157
1526	68.9157	68.9157
1527	68.9157	68.9157
1528	68.9157	68.9157
1529	68.9157	68.9157
1530	68.9157	68.9157
1531	68.9157	68.9157
1532	68.9157	68.9157
1533	68.9157	68.9157
1534	68.9157	68.9157
1535	68.9157	68.9157
1536	68.9157	68.9157
1537	68.9157	68.9157
1538	68.9157	68.9157
1539	68.9157	68.9157
1540	68.9157	68.9157
1541	68.9157	68.9157
1542	68.9157	68.9157
1543	68.9157	68.9157
1544	68.9157	68.9157
1545	68.9157	68.9157
1546	68.9157	68.9157
1547	68.8815	68.9157
1548	68.8815	68.9151
1549	68.8815	68.9109
1550	68.8815	68.9019
1551	68.8615	68.8926
1552	68.8815	68.8849
1553	68.8815	68.8815
1554	68.8815	68.8815
1555	68.8815	68.8815
1556	68.8815	68.8815
1557	68.8815	68.8815
1558	68.8815	68.8815
1559	68.8815	68.8815
1560	68.8815	68.8815
1561	68.8815	68.8815
1562	68.8815	68.8815
1563	68.8815	68.8815
1564	68.8815	68.8815
1565	68.8815	68.8815
1566	68.8815	68.8815
1567	68.8815	68.8815
1568	68.8815	68.8815
1569	68.8815	68.8815
1570	68.8815	68.8815
1571	68.8815	68.8815
1572	68.8815	68.8815
1573	68.8815	68.8815
1574	68.8815	68.8815
1575	68.8815	68.8815
1576	68.8815	68.8815
1577	68.8815	68.8815
1578	68.8815	68.8815
1579	68.8815	68.8815
1580	68.8815	68.8815
1581	68.8815	68.8815
1582	68.8815	68.8815
1583	68.8815	68.8815
1584	68.8815	68.8815
1585	68.8815	68.8815
1586	68.8815	68.8815
1587	68.8815	68.8815
1588	68.8815	68.8815
1589	68.8815	68.8815
1590	68.8815	68.8815
1591	68.8815	68.8815
1592	68.8815	68.8815
1593	68.8815	68.8815
1594	68.8815	68.8815
1595	68.8815	68.8815
1596	68.8815	68.8815
1597	68.8815	68.8815
1598	68.8815	68.8815
1599	68.8815	68.8815
1600	68.8815	68.8815
1601	68.8815	68.8815
1602	68.8815	68.8815
1603	68.8815	68.8815
1604	68.8815	68.8815
1605	68.8815	68.8815
1606	68.8815	68.8815
1607	68.8815	68.8815
1608	68.8815	68.8815
1609	68.8815	68.8815
1610	68.8815	68.8815
1611	68.8815	68.8815
1612	68.8815	68.8815
1613	68.8815	68.8815
1614	68.8815	68.8815
1615	68.8815	68.8815
1616	68.8815	68.8815
1617	68.8815	68.8815
1618	68.8815	68.8815
1619	68.8815	68.8815
1620	68.8815	68.8815
1621	68.8815	68.8815
1622	68.8815	68.8815
1623	68.8815	68.8815
1624	68.8815	68.8815
1625	68.8815	68.8815
1626	68.8815	68.8815
1627	68.8815	68.8815
1628	68.8815	68.8815
1629	68.8815	68.8815
1630	68.8815	68.8815
1631	68.8815	68.8815
1632	68.8815	68.8815
1633	68.8815	68.8815
1634	68.8815	68.8815
1635	68.8815	68.8815
1636	68.8815	68.8815
1637	68.8815	68.8815
1638	68.8815	68.8815
1639	68.8815	68.8815
1640	68.8815	68.8815
1641	68.8815	68.8815
1642	68.8815	68.8815
1643	68.8815	68.8815
1644	68.8815	68.8815
1645	68.8815	68.8815
1646	68.8815	68.8815
1647	68.8815	68.8815
1648	68.8815	68.8815
1649	68.8815	68.8815
1650	68.8815	68.8815
1651	68.8815	68.8815
1652	68.8815	68.8815
1653	68.8815	68.8815
1654	68.8815	68.8815
1655	68.8815	68.8815
1656	68.8815	68.8815
1657	68.8815	68.8815
1658	68.8815	68.8815
1659	68.8815	68.8815
1660	68.8815	68.8815
1661	68.8815	68.8815
1662	68.8815	68.8815
1663	68.8815	68.8815
1664	68.8815	68.8815
1665	68.8815	68.8815
1666	68.8815	68.8815
1667	68.8815	68.8815
1668	68.8815	68.8815
1669	68.8815	68.8815
1670	68.8815	68.8815
1671	68.8815	68.8815
1672	68.8815	68.8815
1673	68.8815	68.8815
1674	68.8815	68.8815
1675	68.8815	68.8815
1676	68.8815	68.8815
1677	68.8815	68.8815
1678	68.8815	68.8815
1679	68.8815	68.8815
1680	68.8815	68.8815
1681	68.8815	68.8815
1682	68.8815	68.8815
1683	68.8815	68.8815
1684	68.8815	68.8815
1685	68.8815	68.8815
1686	68.8815	68.8815
1687	68.8815	68.8815
1688	68.8815	68.8815
1689	68.8815	68.8815
1690	68.8815	68.8815
1691	68.8815	68.8815
1692	68.8815	68.8815
1693	68.8815	68.8815
1694	68.8815	68.8815
1695	68.8815	68.8815
1696	68.8815	68.8815
1697	68.8815	68.8815
1698	68.8815	68.8815
1699	68.8815	68.8815
1700	68.8815	68.8815
1701	68.8815	68.8815
1702	68.8815	68.8815
1703	68.8815	68.8815
1704	68.8815	68.8815
1705	68.8815	68.8815
1706	68.8815	68.8815
1707	68.8815	68.8815
1708	68.8815	68.8815
1709	68.8815	68.8815
1710	68.8815	68.8815
1711	68.8815	68.8815
1712	68.8815	68.8815
1713	68.8815	68.8815
1714	68.8815	68.8815
1715	68.8815	68.8815
1716	68.8815	68.8815
1717	68.8815	68.8815
1718	68.8815	68.8815
1719	68.8815	68.8815
1720	68.8815	68.8815
1721	68.8815	68.8815
1722	68.8815	68.8815
1723	68.8815	68.8815
1724	68.8815	68.8815
1725	68.8815	68.8815
1726	68.8815	68.8815
1727	68.8815	68.8815
1728	68.8815	68.8815
1729	68.8815	68.8815
1730	68.8815	68.8815
1731	68.8815	68.8815
1732	68.8815	68.8815
1733	68.8815	68.8815
1734	68.8815	68.8815
1735	68.8815	68.8815
1736	68.8815	68.8815
1737	68.8815	68.8815
1738	68.8815	68.8815
1739	68.8815	68.8815
1740	68.8815	68.8815
1741	68.8815	68.8815
1742	68.8815	68.8815
1743	68.8815	68.8815
1744	68.8815	68.8815
1745	68.8815	68.8815
1746	68.8815	68.8815
1747	68.8815	68.8815
1748	68.8815	68.8815
1749	68.8815	68.8815
1750	68.8815	68.8815
1751	68.8815	68.8815
1752	68.8815	68.8815
1753	68.8815	68.8815
1754	68.8815	68.8815
1755	68.8815	68.8815
1756	68.8815	68.8815
1757	68.8815	68.8815
1758	68.8815	68.8815
1759	68.8815	68.8815
1760	68.8815	68.8815
1761	68.8815	68.8815
1762	68.8815	68.8815
1763	68.8815	68.8815
1764	68.8815	68.8815
1765	68.8815	68.8815
1766	68.8815	68.8815
1767	68.8815	68.8815
1768	68.8815	68.8815
1769	68.8815	68.8815
1770	68.8815	68.8815
1771	68.8815	68.8815
1772	68.8815	68.8815
1773	68.8815	68.8815
1774	68.8815	68.8815
1775	68.8815	68.8815
1776	68.8815	68.8815
1777	68.8815	68.8815
1778	68.8815	68.8815
1779	68.8815	68.8815
1780	68.8815	68.8815
1781	68.8815	68.8815
1782	68.8815	68.8815
1783	68.8815	68.8815
1784	68.8815	68.8815
1785	68.8815	68.8815
1786	68.8815	68.8815
1787	68.8815	68.8815
1788	68.8815	68.8815
1789	68.8815	68.8815
1790	68.8815	68.8815
1791	68.8815	68.8815
1792	68.8815	68.8815
1793	68.8815	68.8815
1794	68.8815	68.8815
1795	68.8815	68.8815
1796	68.8815	68.8815
1797	68.8815	68.8815
1798	68.8815	68.8815
1799	68.8815	68.8815
1800	68.8815	68.8815
1801	68.8815	68.8815
1802	68.8815	68.8815
1803	68.8815	68.8815
1804	68.8815	68.8815
1805	68.8815	68.8815
1806	68.8815	68.8815
1807	68.8815	68.8815
1808	68.8815	68.8815
1809	68.8815	68.8815
1810	68.8815	68.8815
1811	68.8815	68.8815
1812	68.8815	68.8815
1813	68.8815	68.8815
1814	68.8815	68.8815
1815	68.8815	68.8815
1816	68.8815	68.8815
1817	68.8815	68.8815
1818	68.8815	68.8815
1819	68.8815	68.8815
1820	68.8815	68.8815
1821	68.8815	68.8815
1822	68.8815	68.8815
1823	68.8815	68.8815
1824	68.8815	68.8815
1825	68.8815	68.8815
1826	68.8815	68.8815
1827	68.8815	68.8815
1828	68.8815	68.8815
1829	68.8815	68.8815
1830	68.8815	68.8815
1831	68.8815	68.8815
1832	68.8815	68.8815
1833	68.8815	68.8815
1834	68.8815	68.8815
1835	68.8815	68.8815
1836	68.8815	68.8815
1837	68.8815	68.8815
1838	68.8815	68.8815
1839	68.8815	68.8815
1840	68.8815	68.8815
1841	68.8815	68.8815
1842	68.8815	68.8815
1843	68.8815	68.8815
1844	68.8815	68.8815
1845	68.8815	68.8815
1846	68.8815	68.8815
1847	68.8815	68.8815
1848	68.8815	68.8815
1849	68.8815	68.8815
1850	68.8815	68.8815
1851	68.8815	68.8815
1852	68.8815	68.8815
1853	68.8815	68.8815
1854	68.8815	68.8815
1855	68.8815	68.8815
1856	68.8815	68.8815
1857	68.8815	68.8815
1858	68.8815	68.8815
1859	68.8815	68.8815
1860	68.8815	68.8815
1861	68.8815	68.8815
1862	68.8815	68.8815
1863	68.8815	68.8815
1864	68.8815	68.8815
1865	68.8815	68.8815
1866	68.8815	68.8815
1867	68.8815	68.8815
1868	68.8815	68.8815
1869	68.8815	68.8815
1870	68.8815	68.8815
1871	68.8815	68.8815
1872	68.8815	68.8815
1873	68.8815	68.8815
1874	68.8815	68.8815
1875	68.8815	68.8815
1876	68.8815	68.8815
1877	68.8815	68.8815
1878	68.8815	68.8815
1879	68.8815	68.8815
1880	68.8815	68.8815
1881	68.8815	68.8815
1882	68.8815	68.8815
1883	68.8815	68.8815
1884	68.8815	68.8815
1885	68.8815	68.8815
1886	68.8815	68.8815
1887	68.8815	68.8815
1888	68.8815	68.8815
1889	68.8815	68.8815
1890	68.8815	68.8815
1891	68.8815	68.8815
1892	68.8815	68.8815
1893	68.8815	68.8815
1894	68.8815	68.8815
1895	68.8815	68.8815
1896	68.8815	68.8815
1897	68.8815	68.8815
1898	68.8815	68.8815
1899	68.8815	68.8815
1900	68.8815	68.8815
1901	68.8815	68.8815
1902	68.8815	68.8815
1903	68.8815	68.8815
1904	68.8815	68.8815
1905	68.8815	68.8815
1906	68.8815	68.8815
1907	68.8815	68.8815
1908	68.8815	68.8815
1909	68.8815	68.8815
1910	68.8815	68.8815
1911	68.8815	68.8815
1912	68.8815	68.8815
1913	68.8815	68.8815
1914	68.8815	68.8815
1915	68.8815	68.8815
1916	68.8815	68.8815
1917	68.8815	68.8815
1918	68.8815	68.8815
1919	68.8815	68.8815
1920	68.8815	68.8815
1921	68.8815	68.8815
1922	68.8815	68.8815
1923	68.8815	68.8815
1924	68.8815	68.8815
1925	68.8815	68.8815
1926	68.8815	68.8815
1927	68.8815	68.8815
1928	68.8815	68.8815
1929	68.8815	68.8815
1930	68.8815	68.8815
1931	68.8815	68.8815
1932	68.8815	68.8815
1933	68.8815	68.8815
1934	68.8815	68.8815
1935	68.8815	68.8815
1936	68.8815	68.8815
1937	68.8815	68.8815
1938	68.8815	68.8815
1939	68.8815	68.8815
1940	68.8815	68.8815
1941	68.8815	68.8815
1942	68.8815	68.8815
1943	68.8815	68.8815
1944	68.8815	68.8815
1945	68.8815	68.8815
1946	68.8815	68.8815
1947	68.8815	68.8815
1948	68.8815	68.8815
1949	68.8815	68.8815
1950	68.8815	68.8815
1951	68.8815	68.8815
1952	68.8815	68.8815
1953	68.8815	68.8815
1954	68.8815	68.8815
1955	68.8815	68.8815
1956	68.8815	68.8815
1957	68.8815	68.8815
1958	68.8815	68.8815
1959	68.8815	68.8815
1960	68.8815	68.8815
1961	68.8815	68.8815
1962	68.8815	68.8815
1963	68.8815	68.8815
1964	68.8815	68.8815
1965	68.8815	68.8815
1966	68.8815	68.8815
1967	68.8815	68.8815
1968	68.8815	68.8815
1969	68.8815	68.8815
1970	68.8815	68.8815
1971	68.8815	68.8815
1972	68.8815	68.8815
1973	68.8815	68.8815
1974	68.8815	68.8815
1975	68.8815	68.8815
1976	68.8815	68.8815
1977	68.8815	68.8815
1978	68.8815	68.8815
1979	68.8815	68.8815
1980	68.8815	68.8815
1981	68.8815	68.8815
1982	68.8815	68.8815
1983	68.8815	68.8815
1984	68.8815	68.8815
1985	68.8815	68.8815
1986	68.8815	68.8815
1987	68.8815	68.8815
1988	68.8815	68.8815
1989	68.8815	68.8815
1990	68.8815	68.8815
1991	68.8815	68.8815
1992	68.8815	68.8815
1993	68.8815	68.8815
1994	68.8815	68.8815
1995	68.8815	68.8815
1996	68.8815	68.8815
1997	68.8815	68.8815
1998	68.8815	68.8815
1999	68.8815	68.8815
2000	68.8815	68.8815
