# GEN: 	 LUNGHEZZA DEL MIGLIORE: 	 LUNGHEZZA MEDIA:
1	33.1377	38.1034
2	31.906	36.6798
3	31.4874	35.1051
4	30.1589	33.666
5	29.637	32.7303
6	28.865	31.6215
7	27.671	30.6016
8	26.7244	29.8422
9	26.3335	28.7294
10	25.3109	27.9007
11	24.1584	26.9923
12	23.7531	26.2342
13	23.5972	25.7524
14	21.9986	24.9883
15	21.7549	24.2596
16	20.5255	23.8022
17	20.1697	22.5942
18	19.7288	21.827
19	19.5522	21.0841
20	19.0941	20.5658
21	19.0897	20.0654
22	19.0897	19.9834
23	19.0022	19.6523
24	18.3086	19.5424
25	18.1586	19.2416
26	17.4318	19.0365
27	16.0264	18.4481
28	16.0264	17.8434
29	15.8671	17.4628
30	15.8671	16.9379
31	15.8457	16.3586
32	15.7225	16.127
33	15.677	16.0283
34	15.677	15.9202
35	15.6217	15.9212
36	15.6217	15.864
37	15.6217	15.6974
38	15.5777	15.6509
39	15.0576	15.6052
40	15.0023	15.527
41	14.812	15.5301
42	14.812	15.5211
43	14.5994	15.4095
44	14.5441	15.1181
45	14.5441	14.9918
46	14.5441	14.8123
47	14.5441	14.6609
48	14.0456	14.6373
49	14.0456	14.5933
50	14.0456	14.5212
51	13.8813	14.4162
52	13.8813	14.4722
53	13.8813	14.6007
54	13.3278	14.6425
55	13.591	14.4882
56	13.5585	14.3343
57	13.5817	14.1487
58	13.4517	14.0094
59	13.3088	13.9088
60	13.1711	13.8547
61	13.1711	13.7837
62	13.1617	13.9389
63	13.1617	13.5585
64	13.1617	13.3188
65	13.1617	13.2636
66	13.1617	13.1859
67	13.1617	13.1617
68	13.1617	13.1617
69	12.6772	13.0957
70	12.6772	13.0044
71	12.6772	12.8356
72	12.4804	12.7164
73	12.4804	12.6497
74	12.4804	12.5827
75	12.3123	12.5275
76	12.3123	12.4529
77	12.3123	12.3983
78	12.2683	12.3593
79	12.2805	12.3393
80	12.2805	12.3088
81	12.2805	12.306
82	12.2805	12.4341
83	12.2186	12.3363
84	12.2805	12.4033
85	12.2805	12.3248
86	12.2805	12.4851
87	12.2805	12.3508
88	12.2805	12.3099
89	12.2805	12.2909
90	12.2805	12.436
91	12.2805	12.3319
92	12.2805	12.3402
93	12.2805	12.2805
94	12.2805	12.2805
95	12.2805	12.2805
96	12.2805	12.2805
97	11.9013	12.2845
98	11.9013	12.2875
99	11.9013	12.3596
100	11.9013	12.3105
101	11.9013	12.2228
102	11.9013	12.1447
103	11.9013	12.1431
104	11.9013	12.0066
105	11.8944	12.0099
106	11.6913	11.8944
107	11.6772	11.8506
108	11.3243	11.779
109	11.3243	11.623
110	11.3159	11.5149
111	11.2719	11.413
112	11.2709	11.3503
113	11.2709	11.3226
114	11.2709	11.2871
115	11.2709	11.2818
116	11.2709	11.2709
117	11.1657	11.2562
118	11.1657	11.2279
119	10.5787	11.1743
120	10.4735	11.0496
121	10.4735	10.9106
122	10.4735	10.7836
123	10.4735	10.6583
124	10.4735	10.5071
125	10.4735	10.4843
126	10.4735	10.4738
127	10.4735	10.4735
128	10.4735	10.4735
129	10.4735	10.4735
130	10.4735	10.4735
131	10.4306	10.4653
132	10.4306	10.4584
133	10.4306	10.4527
134	10.4306	10.4381
135	10.4306	10.4306
136	10.4306	10.4306
137	10.4306	10.4306
138	10.4306	10.4306
139	10.4306	10.4306
140	10.4306	10.4306
141	10.4306	10.4306
142	10.4306	10.4306
143	10.4306	10.4306
144	10.4306	10.4306
145	10.4306	10.4306
146	10.4306	10.4306
147	10.4306	10.4306
148	10.3581	10.4255
149	10.3581	10.4129
150	10.3581	10.3971
151	10.3581	10.3857
152	10.3581	10.3695
153	10.3581	10.3584
154	10.3581	10.3581
155	10.3581	10.3581
156	10.3581	10.3581
157	10.216	10.3382
158	10.216	10.3041
159	10.216	10.2671
160	10.216	10.2472
161	10.216	10.216
162	10.216	10.216
163	10.216	10.216
164	10.216	10.216
165	10.216	10.216
166	10.0175	10.214
167	10.0175	10.1921
168	10.0175	10.1247
169	10.0175	10.083
170	10.0175	10.0536
171	10.0175	10.0374
172	10.0175	10.0175
173	10.0175	10.0175
174	10.0175	10.0175
175	10.0175	10.0175
176	10.0175	10.0175
177	10.0175	10.0197
178	10.0175	10.0175
179	10.0175	10.0175
180	10.0175	10.0175
181	10.0175	10.0175
182	10.0175	10.0175
183	10.0175	10.0175
184	10.0175	10.0175
185	10.0175	10.0175
186	10.0175	10.0175
187	10.0175	10.0175
188	10.0175	10.0175
189	10.0175	10.0175
190	10.0175	10.0175
191	10.0175	10.0175
192	9.90915	10.0002
193	9.90915	9.96551
194	9.90915	9.946
195	9.90915	9.92465
196	9.90915	9.91783
197	9.90915	9.90915
198	9.90915	9.90915
199	9.90915	9.90915
200	9.90915	9.90915
201	9.90915	9.90915
202	9.90915	9.90915
203	9.90915	9.90915
204	9.90915	9.90915
205	9.90915	9.90915
206	9.90915	9.90915
207	9.90915	9.90915
208	9.90915	9.90915
209	9.90915	9.90915
210	9.87275	9.90406
211	9.87275	9.89751
212	9.87275	9.89407
213	9.87275	9.88556
214	9.82008	9.86591
215	9.82008	9.91505
216	9.82008	9.84641
217	9.82008	9.83535
218	9.82008	9.82798
219	9.82008	9.86958
220	9.82008	9.85805
221	9.82008	9.82092
222	9.82008	9.8206
223	9.82008	9.82008
224	9.82008	9.82008
225	9.82008	9.82008
226	9.82008	9.82008
227	9.82008	9.82008
228	9.82008	9.82008
229	9.82008	9.82008
230	9.82008	9.82008
231	9.82008	9.82008
232	9.82008	9.82008
233	9.82008	9.82008
234	9.82008	9.82008
235	9.82008	9.82008
236	9.82008	9.82008
237	9.82008	9.82008
238	9.82008	9.82008
239	9.82008	9.82008
240	9.82008	9.82008
241	9.82008	9.82008
242	9.82008	9.82008
243	9.82008	9.82008
244	9.82008	9.82008
245	9.82008	9.82008
246	9.82008	9.82008
247	9.82008	9.82008
248	9.82008	9.82008
249	9.82008	9.82008
250	9.82008	9.82008
251	9.82008	9.82008
252	9.82008	9.82008
253	9.82008	9.82008
254	9.82008	9.82008
255	9.82008	9.82008
256	9.82008	9.82008
257	9.82008	9.82008
258	9.82008	9.82008
259	9.82008	9.82008
260	9.82008	9.82008
261	9.82008	9.82008
262	9.82008	9.82008
263	9.82008	9.82008
264	9.82008	9.82008
265	9.82008	9.82008
266	9.82008	9.82008
267	9.82008	9.82008
268	9.82008	9.82008
269	9.82008	9.82008
270	9.82008	9.82008
271	9.82008	9.82008
272	9.82008	9.82008
273	9.82008	9.82008
274	9.82008	9.82008
275	9.82008	9.82008
276	9.82008	9.82008
277	9.82008	9.82008
278	9.82008	9.82008
279	9.82008	9.82008
280	9.82008	9.82008
281	9.82008	9.82008
282	9.82008	9.82008
283	9.82008	9.82008
284	9.82008	9.82008
285	9.82008	9.82008
286	9.82008	9.82008
287	9.82008	9.82008
288	9.82008	9.82008
289	9.82008	9.82008
290	9.82008	9.82008
291	9.82008	9.82008
292	9.82008	9.82008
293	9.82008	9.82008
294	9.82008	9.82008
295	9.82008	9.82008
296	9.82008	9.82008
297	9.82008	9.82008
298	9.82008	9.82008
299	9.82008	9.82008
300	9.82008	9.82008
301	9.82008	9.82008
302	9.82008	9.82008
303	9.82008	9.82008
304	9.82008	9.82008
305	9.82008	9.82008
306	9.82008	9.82008
307	9.82008	9.82008
308	9.82008	9.82008
309	9.82008	9.82008
310	9.82008	9.82008
311	9.82008	9.82008
312	9.82008	9.82008
313	9.82008	9.82008
314	9.82008	9.82008
315	9.82008	9.82008
316	9.82008	9.82008
317	9.82008	9.82008
318	9.82008	9.82008
319	9.82008	9.82008
320	9.82008	9.82008
321	9.82008	9.82008
322	9.82008	9.82008
323	9.82008	9.82008
324	9.82008	9.82008
325	9.82008	9.82008
326	9.82008	9.82008
327	9.82008	9.82008
328	9.82008	9.82008
329	9.82008	9.82008
330	9.82008	9.82008
331	9.82008	9.82008
332	9.82008	9.82008
333	9.82008	9.82008
334	9.82008	9.82008
335	9.82008	9.82008
336	9.82008	9.82008
337	9.82008	9.82008
338	9.82008	9.82008
339	9.82008	9.82008
340	9.82008	9.82008
341	9.82008	9.82008
342	9.82008	9.82008
343	9.82008	9.82008
344	9.82008	9.82008
345	9.82008	9.82008
346	9.82008	9.82008
347	9.82008	9.82008
348	9.82008	9.82008
349	9.82008	9.82008
350	9.82008	9.82008
351	9.82008	9.82008
352	9.82008	9.82008
353	9.82008	9.82008
354	9.82008	9.82008
355	9.82008	9.82008
356	9.82008	9.82008
357	9.82008	9.82008
358	9.82008	9.82008
359	9.82008	9.82008
360	9.82008	9.82008
361	9.82008	9.82008
362	9.82008	9.82008
363	9.82008	9.82008
364	9.82008	9.82008
365	9.82008	9.82008
366	9.82008	9.82008
367	9.82008	9.82008
368	9.82008	9.82008
369	9.82008	9.82008
370	9.82008	9.82008
371	9.82008	9.82008
372	9.82008	9.82008
373	9.82008	9.82008
374	9.82008	9.82008
375	9.82008	9.82008
376	9.82008	9.82008
377	9.82008	9.82008
378	9.82008	9.82008
379	9.82008	9.82008
380	9.82008	9.82008
381	9.82008	9.82008
382	9.82008	9.82008
383	9.82008	9.82008
384	9.82008	9.82008
385	9.82008	9.82008
386	9.82008	9.82008
387	9.82008	9.82008
388	9.82008	9.82008
389	9.82008	9.82008
390	9.82008	9.82008
391	9.82008	9.82008
392	9.82008	9.82008
393	9.82008	9.82008
394	9.82008	9.82008
395	9.82008	9.82008
396	9.67772	9.67772
397	9.67772	9.67772
398	9.67772	9.67772
399	9.67772	9.67772
400	9.67772	9.67772
401	9.67772	9.67772
402	9.67772	9.67772
403	9.67772	9.67772
404	9.67772	9.67772
405	9.67772	9.67772
406	9.67772	9.67772
407	9.67772	9.67772
408	9.67772	9.67772
409	9.67772	9.67772
410	9.67772	9.67772
411	9.67772	9.67772
412	9.67772	9.67772
413	9.67772	9.67772
414	9.67772	9.67772
415	9.67772	9.67772
416	9.67772	9.67772
417	9.67772	9.67772
418	9.82008	9.82572
419	9.67772	9.67772
420	9.67772	9.67772
421	9.67772	9.67772
422	9.67772	9.67772
423	9.67772	9.67772
424	9.67772	9.67772
425	9.67772	9.67772
426	9.67772	9.67772
427	9.67772	9.67772
428	9.67772	9.67772
429	9.67772	9.67772
430	9.67772	9.67772
431	9.67772	9.67772
432	9.67772	9.67772
433	9.67772	9.67772
434	9.67772	9.67772
435	9.67772	9.67772
436	9.67772	9.67772
437	9.67772	9.67772
438	9.67772	9.67772
439	9.67772	9.67772
440	9.67772	9.67772
441	9.67772	9.67772
442	9.67772	9.67772
443	9.67772	9.67772
444	9.67772	9.67772
445	9.67772	9.67772
446	9.67772	9.67772
447	9.67772	9.67772
448	9.67772	9.67772
449	9.67772	9.67772
450	9.67772	9.67772
451	9.67772	9.67772
452	9.67772	9.67772
453	9.67772	9.67772
454	9.67772	9.67772
455	9.67772	9.67772
456	9.67772	9.67772
457	9.67772	9.67772
458	9.67772	9.67772
459	9.67772	9.67772
460	9.67772	9.67772
461	9.67772	9.67772
462	9.67772	9.67772
463	9.67772	9.67772
464	9.67772	9.67772
465	9.67772	9.67772
466	9.67772	9.67772
467	9.67772	9.67772
468	9.67772	9.67772
469	9.82008	9.83364
470	9.67772	9.67772
471	9.67772	9.67772
472	9.67772	9.67772
473	9.67772	9.67772
474	9.67772	9.67772
475	9.67772	9.67772
476	9.67772	9.67772
477	9.67772	9.67772
478	9.67772	9.67772
479	9.67772	9.67772
480	9.67772	9.67772
481	9.67772	9.67772
482	9.67772	9.67772
483	9.67772	9.67772
484	9.67772	9.67772
485	9.67772	9.67772
486	9.67772	9.67772
487	9.67772	9.67772
488	9.67772	9.67772
489	9.67772	9.67772
490	9.67772	9.67772
491	9.67772	9.67772
492	9.67772	9.67772
493	9.67772	9.67772
494	9.67772	9.67772
495	9.67772	9.67772
496	9.67772	9.67772
497	9.67772	9.67772
498	9.67772	9.67772
499	9.67772	9.67772
500	9.67772	9.67772
