# GEN: 	 LUNGHEZZA DEL MIGLIORE: 	 LUNGHEZZA MEDIA:
1	444.673	504.687
2	436.117	483.703
3	421.266	464.059
4	412.002	447.182
5	400.914	437.436
6	391.463	426.688
7	387.059	415.008
8	366.564	405.532
9	359.203	397.279
10	351.034	388.364
11	348.291	381.322
12	345.586	374.646
13	335.172	368.384
14	335.172	362.849
15	329.772	354.88
16	325.305	347.907
17	323.74	343.275
18	319.779	338.52
19	315.083	335.383
20	312.436	331.501
21	309.242	328.845
22	304.261	325.168
23	305.572	321.342
24	297.327	318.523
25	294.521	315.1
26	293.555	311.048
27	289.56	306.523
28	286.629	302.198
29	283.922	299.509
30	282.454	297.222
31	277.176	294.014
32	269.01	290.92
33	266.193	286.844
34	265.282	280.717
35	265.242	275.409
36	263.205	272.405
37	257.324	268.837
38	255.144	266.536
39	250.464	264.078
40	249.958	260.958
41	248.133	257.272
42	245.101	254.429
43	242.77	252.83
44	240.99	251.509
45	238.028	250.891
46	233.466	250.39
47	231.197	247.629
48	230.992	245.128
49	228.876	242.021
50	228.506	239.845
51	221.783	236.445
52	220.217	233.976
53	215.834	231.555
54	215.834	228.806
55	214.953	225.151
56	214.466	221.644
57	213.897	219.117
58	209.386	216.708
59	207.243	214.945
60	207.243	214.271
61	204.203	214.024
62	203.798	213.185
63	201.535	211.743
64	200.783	210.338
65	197.672	208.851
66	196.477	206.605
67	193.057	205.01
68	192.075	203.124
69	192.075	199.899
70	191.904	197.478
71	189.002	195.533
72	187.438	193.382
73	186.111	191.843
74	184.623	190.726
75	184.331	189.632
76	182.85	188.138
77	181.54	186.909
78	178.188	185.559
79	176.035	184.093
80	174.825	182.271
81	173.779	180.19
82	172.731	178.928
83	171.1	177.297
84	170.251	176.584
85	170.036	175.191
86	168.898	174.515
87	168.272	173.017
88	166.45	172.072
89	163.945	170.601
90	161.393	169.083
91	160.267	167.691
92	159.204	165.88
93	158.527	163.829
94	157.441	162.313
95	156.763	161.246
96	156.303	160.056
97	155.625	159.247
98	154.674	157.833
99	154.674	157.139
100	153.53	156.344
101	153.419	155.488
102	144.765	154.866
103	144.765	154.707
104	142.638	155.999
105	144.765	156.855
106	143.87	156.369
107	143.87	154.685
108	143.87	152.539
109	143.87	149.571
110	143.87	146.589
111	142.983	145.287
112	142.353	144.397
113	141.911	144.132
114	141.543	143.738
115	141.204	143.235
116	140.205	142.517
117	139.83	141.929
118	139.387	141.409
119	137.909	140.883
120	137.878	140.426
121	136.76	139.819
122	136.249	139.176
123	135.017	138.505
124	135.017	137.884
125	134.105	137.553
126	132.946	136.611
127	132.272	135.58
128	131.758	134.268
129	130.92	133.483
130	129.913	132.725
131	129.877	132.078
132	129.058	131.441
133	128.266	130.695
134	127.411	130.077
135	127.08	129.555
136	127.03	129.281
137	126.506	128.104
138	126.068	127.381
139	126.028	127.013
140	125.784	126.739
141	124.651	126.403
142	124.651	126.304
143	124.651	126.24
144	124.651	126.175
145	124.651	125.967
146	124.651	126.056
147	124.393	126.222
148	124.393	126.189
149	124.393	126.031
150	124.393	125.914
151	124.393	125.991
152	120.355	125.624
153	120.355	124.857
154	120.232	123.741
155	119.989	122.359
156	115.737	121.375
157	112.525	120.281
158	112.525	119.041
159	112.376	117.537
160	111.974	116.026
161	112.183	114.272
162	112.053	113.651
163	111.963	112.767
164	111.769	112.334
165	111.639	112.147
166	109.779	111.958
167	109.216	111.691
168	109	111.147
169	108.498	110.624
170	107.817	110.022
171	106.769	109.709
172	106.535	109.601
173	106.535	109.339
174	106.319	109.021
175	106.319	108.177
176	106.245	107.699
177	106.245	107.114
178	105.933	106.578
179	105.568	106.287
180	105.008	106.139
181	104.31	105.881
182	104.049	105.639
183	103.928	105.328
184	103.326	104.89
185	102.986	104.528
186	102.986	104.184
187	102.303	103.871
188	102.911	103.487
189	102.911	103.324
190	102.911	103.098
191	102.911	102.996
192	102.105	102.901
193	101.691	102.726
194	101.691	102.484
195	99.6478	102.276
196	99.5574	101.856
197	99.5438	101.381
198	99.4291	100.585
199	99.3173	100.019
200	99.2431	99.5749
201	98.7482	99.4886
202	98.4058	99.3422
203	98.1855	99.1451
204	98.1855	98.9378
205	98.0495	98.8395
206	98.0495	98.4712
207	98.0404	98.2429
208	97.1604	98.1678
209	97.1604	98.0477
210	96.8101	97.8188
211	96.6082	97.5343
212	96.6082	97.2977
213	96.5946	97.0981
214	96.5322	96.8944
215	96.5322	96.7603
216	96.5322	96.6519
217	95.4752	96.5928
218	95.4752	96.4918
219	95.4752	96.3301
220	95.4752	96.0834
221	95.4752	95.8924
222	95.0675	95.6316
223	95.4752	95.5258
224	95.1701	95.457
225	94.9293	95.4042
226	94.9293	95.3655
227	94.9293	95.2015
228	94.8971	95.0889
229	94.8963	94.9944
230	94.8963	94.9618
231	94.8642	94.9485
232	94.8642	94.9212
233	94.5577	94.877
234	94.3731	94.8198
235	94.1542	94.7413
236	93.9083	94.6521
237	93.8669	94.5764
238	93.7719	94.434
239	93.6113	94.2197
240	93.5791	94.0727
241	93.4834	93.9103
242	93.2851	93.7437
243	93.1893	93.6359
244	93.1893	93.5306
245	93.032	93.4401
246	92.7843	93.6782
247	91.0998	93.7505
248	90.6446	94.1729
249	90.6446	94.2928
250	90.6446	94.4289
251	90.6446	93.1073
252	90.0558	91.6617
253	90.3672	91.5368
254	90.3672	90.7669
255	90.3672	90.5291
256	89.5872	90.3907
257	89.2134	90.2008
258	89.2134	89.9959
259	89.2134	89.738
260	89.2134	89.547
261	89.1742	89.3491
262	89.1742	89.2564
263	89.1688	89.2306
264	88.7097	89.1647
265	88.5086	89.0638
266	88.5031	88.9346
267	88.4183	88.7435
268	88.1974	88.616
269	88.1919	88.5236
270	88.1919	88.4144
271	88.1919	88.3062
272	87.7927	88.2373
273	87.7927	88.1874
274	87.739	88.0685
275	87.2794	87.9533
276	86.8802	87.8257
277	86.6512	87.7165
278	86.6512	87.4901
279	86.6512	87.2049
280	86.5624	86.9342
281	86.4241	86.769
282	85.9205	86.6814
283	85.9205	86.5729
284	84.7207	86.4164
285	84.6027	86.1153
286	84.6027	85.7119
287	84.6027	85.3323
288	84.6027	84.9225
289	84.6027	84.6677
290	84.6027	84.6176
291	84.6027	84.6027
292	84.6027	84.6027
293	84.5257	84.599
294	84.5257	84.5827
295	84.4549	84.5618
296	84.4549	84.54
297	84.4549	84.515
298	84.3387	84.4883
299	84.3387	84.4539
300	84.3387	84.4079
301	84.3387	84.3774
302	80.1774	84.3845
303	80.1774	84.3634
304	80.1774	83.9659
305	80.1774	83.081
306	80.0098	81.9201
307	80.0098	81.3506
308	80.0098	80.8093
309	80.0098	80.6302
310	80.0098	80.0992
311	80.0098	80.0603
312	80.0098	80.0428
313	80.0098	80.0296
314	80.0098	80.0098
315	80.0098	80.0098
316	79.9916	80.0098
317	79.9916	80.009
318	79.9916	80.0056
319	79.9916	79.9999
320	79.9916	79.9955
321	79.9916	79.9932
322	79.6306	79.9707
323	79.6306	79.9158
324	79.6306	79.8246
325	79.6306	79.7254
326	79.6306	79.6765
327	79.6306	79.6428
328	79.6306	79.6306
329	79.6306	79.6306
330	78.7558	79.5971
331	78.7558	79.4691
332	78.7558	79.2476
333	78.7558	79.0329
334	78.7558	78.9476
335	78.7558	78.8579
336	78.7558	78.7618
337	78.7558	78.7558
338	78.7558	78.7558
339	78.4066	78.7551
340	78.4066	78.7344
341	78.4066	78.6553
342	78.4066	78.5635
343	78.4066	78.4641
344	78.4066	78.4121
345	78.4066	78.4066
346	78.4066	78.4066
347	78.4066	78.4066
348	78.4066	78.4066
349	77.9959	78.3796
350	77.2919	78.2869
351	77.2919	78.1081
352	77.2919	77.8831
353	77.2919	77.6131
354	77.2919	77.4013
355	77.2919	77.2919
356	77.0829	77.2915
357	77.0829	77.2811
358	77.0829	77.2317
359	76.6637	77.1607
360	76.6637	77.103
361	76.6637	76.9848
362	76.6637	76.8422
363	75.8621	76.7131
364	75.8621	76.5278
365	75.8621	76.3535
366	75.8621	76.2121
367	75.7791	76.0147
368	75.7791	75.875
369	75.7791	75.8186
370	75.5734	75.7978
371	75.5734	75.7688
372	75.5734	75.7338
373	75.5734	75.6729
374	75.0114	75.6119
375	75.0114	75.5144
376	75.0114	75.4278
377	75.0114	75.3072
378	75.0114	75.1565
379	75.0114	75.0615
380	75.0114	75.0517
381	75.0114	75.024
382	75.0114	75.0114
383	75.0114	75.0114
384	75.0114	75.0114
385	74.9771	75.0108
386	74.9771	75.0084
387	74.6095	75.1155
388	74.6095	75.3331
389	74.6095	75.2989
390	74.6095	75.0511
391	74.6095	74.7056
392	74.6095	74.6299
393	74.6095	74.6095
394	74.6095	74.6095
395	74.6095	74.6095
396	74.6095	74.6095
397	74.6095	74.6095
398	74.1795	74.6078
399	74.1795	74.5839
400	74.1795	74.4997
401	74.1795	74.394
402	74.1795	74.2734
403	74.1795	74.2173
404	74.1795	74.1795
405	74.1795	74.1795
406	74.1795	74.1795
407	74.1795	74.1795
408	74.1795	74.1795
409	74.1795	74.1795
410	74.089	74.1746
411	74.089	74.1565
412	74.089	74.1306
413	74.0316	74.1046
414	74.0316	74.0787
415	74.0316	74.0594
416	74.0316	74.0439
417	74.0316	74.0369
418	74.0316	74.0316
419	74.0316	74.0316
420	74.0316	74.0316
421	73.9348	74.0314
422	73.9348	74.0255
423	73.9348	74.0084
424	73.8913	73.9847
425	73.8106	74.005
426	73.8106	74.5745
427	73.8106	75.0964
428	73.8106	74.754
429	73.8106	74.1197
430	73.7291	73.8133
431	73.7291	73.7971
432	73.7291	73.7773
433	73.7291	73.7599
434	73.7291	73.7444
435	73.7291	73.7302
436	73.7291	73.7291
437	73.7291	73.7291
438	73.7291	73.7291
439	73.7291	73.7291
440	73.7291	73.7291
441	73.7291	73.7291
442	73.7291	73.7291
443	73.7291	73.7291
444	73.7291	73.7291
445	73.7291	73.7291
446	73.7291	73.7291
447	73.7291	73.7291
448	73.7291	73.7291
449	73.7291	73.7291
450	73.7291	73.7291
451	73.3223	73.7282
452	73.3223	73.7087
453	73.3223	73.6265
454	73.3223	73.5191
455	73.3223	73.4169
456	73.3223	73.3326
457	73.3223	73.3223
458	73.3223	73.3223
459	73.3223	73.3223
460	73.3223	73.3223
461	73.3223	73.3223
462	73.3223	73.3223
463	73.3223	73.3223
464	73.3223	73.3223
465	73.3223	73.3223
466	73.3223	73.3223
467	73.3223	73.3223
468	73.3223	73.3223
469	73.2194	73.3168
470	73.1023	73.2959
471	73.1023	73.2593
472	73.1023	73.2126
473	73.1023	73.1627
474	73.1023	73.1248
475	73.1023	73.1038
476	73.1023	73.1023
477	73.1023	73.1023
478	73.1023	73.1023
479	73.1023	73.1023
480	73.1023	73.1023
481	73.1023	73.1023
482	72.8381	73.0953
483	72.8381	73.0801
484	72.3756	73.613
485	72.3756	74.3024
486	72.3756	74.8992
487	72.3756	74.8422
488	72.3756	74.3304
489	72.3756	73.8062
490	72.3756	72.7889
491	72.3756	72.6078
492	72.3756	72.3823
493	72.3756	72.3756
494	72.3756	72.3756
495	72.3756	72.3756
496	72.3756	72.3756
497	72.3756	72.3756
498	72.3756	72.3756
499	72.3756	72.3756
500	72.3756	72.3756
501	72.3756	72.3756
502	71.0412	72.3448
503	71.0412	72.9029
504	71.0412	74.0648
505	71.0412	75.936
506	71.0009	77.5955
507	71.0009	78.8281
508	71.0009	78.4336
509	71.0009	77.7246
510	71.0009	77.7244
511	71.0009	76.3522
512	71.0009	75.4134
513	71.0009	74.107
514	71.0009	72.5156
515	71.0009	71.8804
516	71.0009	71.2717
517	71.0009	71.0116
518	71.0009	71.0009
519	71.0009	71.0009
520	71.0009	71.0009
521	71.0009	71.0009
522	71.0009	71.0009
523	71.0009	71.0009
524	71.0009	71.0009
525	71.0009	71.0009
526	71.0009	71.0009
527	71.0009	71.0009
528	71.0009	71.0009
529	71.0009	71.0009
530	71.0009	71.0009
531	71.0009	71.0009
532	71.0009	71.0009
533	70.5839	71.0001
534	70.5839	70.9817
535	70.5839	70.908
536	70.5839	70.8148
537	70.5839	70.7425
538	70.5839	70.6794
539	70.5839	70.627
540	70.5839	70.5942
541	70.5839	70.5839
542	70.5839	70.5839
543	70.5839	70.5839
544	70.5839	70.5839
545	70.5839	70.5839
546	70.5839	70.5839
547	70.5839	70.5839
548	70.5839	70.5839
549	70.5839	70.5839
550	70.5839	70.5839
551	70.5839	70.5839
552	70.5839	70.5839
553	70.2514	70.5832
554	70.2514	70.561
555	70.2514	70.4968
556	70.2514	70.3987
557	70.2514	70.3058
558	70.2514	70.2811
559	70.2514	70.2514
560	70.2514	70.2514
561	70.2514	70.2514
562	70.2514	70.2514
563	70.2514	70.2514
564	70.2514	70.2514
565	70.2514	70.2514
566	70.2514	70.2514
567	70.2459	70.2514
568	70.2459	70.2511
569	70.2459	70.2501
570	70.2459	70.2485
571	70.2459	70.2469
572	70.2459	70.2459
573	70.2459	70.2459
574	70.2459	70.2459
575	70.2459	70.2459
576	70.2459	70.2459
577	70.2459	70.2459
578	70.2459	70.2459
579	70.2459	70.2459
580	70.0996	70.2398
581	70.0996	70.2134
582	70.0996	70.1856
583	70.0996	70.1505
584	70.0996	70.1177
585	70.0996	70.0999
586	70.0996	70.0996
587	70.0996	70.0996
588	69.8129	70.087
589	69.8129	70.0391
590	69.8129	69.9671
591	69.8129	69.9089
592	69.73	69.8636
593	69.73	69.803
594	69.73	69.767
595	69.73	69.7474
596	69.73	69.7368
597	69.73	69.73
598	69.73	69.73
599	69.73	69.73
600	69.73	69.73
601	69.73	69.73
602	68.4072	69.6248
603	68.4072	69.3954
604	68.4072	69.0667
605	68.3491	68.8175
606	68.3491	68.5889
607	68.3491	68.5473
608	68.3491	68.4234
609	68.3491	68.3667
610	68.3491	68.3604
611	68.3491	68.3504
612	68.3491	68.3491
613	68.3491	68.3491
614	68.3491	68.3491
615	68.3491	68.3491
616	68.3491	68.3491
617	68.3491	68.3491
618	68.3491	68.3491
619	68.3491	68.3491
620	68.3491	68.3491
621	68.3491	68.3491
622	68.3491	68.3491
623	68.3491	68.3491
624	68.3491	68.3491
625	68.3491	68.3491
626	68.3491	68.3491
627	68.3491	68.3491
628	68.3491	68.3491
629	68.3491	68.3491
630	68.3491	68.3491
631	68.3491	68.3491
632	68.3491	68.3491
633	68.3491	68.3491
634	68.3491	68.3491
635	68.3491	68.3491
636	68.3491	68.3491
637	68.3491	68.3491
638	68.3491	68.3491
639	68.3491	68.3491
640	68.3491	68.3491
641	68.3491	68.3491
642	68.3491	68.3491
643	68.3491	68.3491
644	68.3491	68.3491
645	68.3491	68.3491
646	68.3491	68.3491
647	68.3491	68.3491
648	68.3491	68.3491
649	68.3491	68.3491
650	68.3491	68.3491
651	68.3491	68.3491
652	68.3491	68.3491
653	68.3491	68.3491
654	68.3491	68.3491
655	68.3491	68.3491
656	68.3491	68.3491
657	68.3491	68.3491
658	68.3491	68.3491
659	68.3491	68.3491
660	68.3491	68.3491
661	68.3491	68.3491
662	68.3491	68.3491
663	68.3491	68.3491
664	68.3491	68.3491
665	68.3491	68.3491
666	68.3491	68.3491
667	68.3491	68.3491
668	68.3491	68.3491
669	68.3491	68.3491
670	68.3491	68.3491
671	68.3491	68.3491
672	68.3491	68.3491
673	68.3491	68.3491
674	68.3491	68.3491
675	68.3491	68.3491
676	68.3491	68.3491
677	68.3491	68.3491
678	68.3491	68.3491
679	68.3491	68.3491
680	68.3491	68.3491
681	68.3491	68.3491
682	68.3491	68.3491
683	68.3491	68.3491
684	68.3491	68.3491
685	68.3491	68.3491
686	68.3491	68.3491
687	68.3491	68.3491
688	68.3491	68.3491
689	68.3491	68.3491
690	68.3491	68.3491
691	68.3491	68.3491
692	68.3491	68.3491
693	68.3491	68.3491
694	68.3491	68.3491
695	68.3491	68.3491
696	68.3491	68.3491
697	68.3491	68.3491
698	68.3491	68.3491
699	68.3491	68.3491
700	68.3491	68.3491
701	68.3491	68.3491
702	67.8153	68.2911
703	67.8153	68.2161
704	67.8153	68.0785
705	67.8153	68.0157
706	67.8153	67.9529
707	67.8153	67.8565
708	67.8153	67.8153
709	67.8153	67.8153
710	67.8153	67.8153
711	67.8153	67.8153
712	67.8153	67.8153
713	67.8153	67.8153
714	67.8153	67.8153
715	67.8153	67.8153
716	67.8153	67.8153
717	67.8153	67.8153
718	67.8153	67.8153
719	67.8153	67.8153
720	67.8153	67.8153
721	67.8153	67.8153
722	67.8153	67.8153
723	67.8153	67.8153
724	67.8153	67.8153
725	67.8153	67.8153
726	67.8153	67.8153
727	67.8153	67.8153
728	67.8153	67.8153
729	67.8153	67.8153
730	67.8153	67.8153
731	67.8153	67.8153
732	67.8153	67.8153
733	67.8153	67.8153
734	67.8153	67.8153
735	67.8153	67.8153
736	67.8153	67.8153
737	67.8153	67.8153
738	67.8153	67.8153
739	67.8153	67.8153
740	67.8153	67.8153
741	67.8153	67.8153
742	67.8153	67.8153
743	67.8153	67.8153
744	67.8153	67.8153
745	67.8153	67.8153
746	67.8153	67.8153
747	67.8153	67.8153
748	67.8153	67.8153
749	67.8153	67.8153
750	67.8153	67.8153
751	67.8153	67.8153
752	67.8153	67.8153
753	67.8153	67.8153
754	67.8153	67.8153
755	67.8153	67.8153
756	67.8153	67.8153
757	67.8153	67.8153
758	67.8153	67.8153
759	67.8153	67.8153
760	67.8153	67.8153
761	67.8153	67.8153
762	67.8153	67.8153
763	67.8153	67.8153
764	67.8153	67.8153
765	67.8153	67.8153
766	67.8153	67.8153
767	67.8153	67.8153
768	67.8153	67.8153
769	67.8153	67.8153
770	67.8153	67.8153
771	67.8153	67.8153
772	67.8153	67.8153
773	67.8153	67.8153
774	67.8153	67.8153
775	67.8153	67.8153
776	67.8153	67.8153
777	67.8153	67.8153
778	67.8153	67.8153
779	67.8153	67.8153
780	67.8153	67.8153
781	67.8153	67.8153
782	67.8153	67.8153
783	67.8153	67.8153
784	67.8153	67.8153
785	67.8153	67.8153
786	67.8153	67.8153
787	67.8153	67.8153
788	67.8153	67.8153
789	67.8153	67.8153
790	67.8153	67.8153
791	67.8153	67.8153
792	67.8153	67.8153
793	67.8153	67.8153
794	67.8153	67.8153
795	67.8153	67.8153
796	67.8153	67.8153
797	67.8153	67.8153
798	67.8153	67.8153
799	67.8153	67.8153
800	67.8153	67.8153
801	67.8153	67.8153
802	67.1246	67.749
803	67.1246	67.5967
804	67.1246	67.4018
805	67.1246	67.2525
806	67.1246	67.1362
807	67.1246	67.1246
808	67.1246	67.1246
809	67.1246	67.1246
810	67.1246	67.1246
811	67.1246	67.1246
812	67.1246	67.1246
813	67.1246	67.1246
814	67.1246	67.1246
815	66.9343	67.1242
816	67.1246	67.1246
817	67.1246	67.1246
818	67.1246	67.1246
819	67.1246	67.1246
820	67.1246	67.1246
821	67.1246	67.1246
822	67.1246	67.1246
823	67.1246	67.1246
824	67.1246	67.1246
825	67.1246	67.1246
826	67.1246	67.1246
827	67.1246	67.1246
828	67.1246	67.1246
829	67.1246	67.1246
830	67.1246	67.1246
831	67.1246	67.1246
832	67.1246	67.1246
833	67.1246	67.1246
834	67.1246	67.1246
835	67.1246	67.1246
836	67.1246	67.1246
837	67.1246	67.1246
838	67.1246	67.1246
839	67.1246	67.1246
840	67.1246	67.1246
841	67.1246	67.1246
842	67.1246	67.1246
843	67.1246	67.1246
844	67.1246	67.1246
845	67.1246	67.1246
846	67.1246	67.1246
847	67.1246	67.1246
848	67.1246	67.1246
849	67.1246	67.1246
850	67.1246	67.1246
851	67.1246	67.1246
852	67.1246	67.1246
853	67.1246	67.1246
854	67.1246	67.1246
855	67.1246	67.1246
856	67.1246	67.1246
857	67.1246	67.1246
858	67.1246	67.1246
859	67.1246	67.1246
860	67.1246	67.1246
861	67.1246	67.1246
862	67.1246	67.1246
863	67.1246	67.1246
864	67.1246	67.1246
865	67.1246	67.1246
866	67.1246	67.1246
867	67.1246	67.1246
868	66.9296	67.1242
869	66.9296	67.116
870	66.9296	67.0836
871	66.9296	67.0283
872	66.9296	66.9557
873	66.9296	66.9331
874	66.9296	66.9296
875	66.9296	66.9296
876	66.9296	66.9296
877	66.9296	66.9296
878	66.9296	66.9296
879	66.9296	66.9296
880	66.9296	66.9296
881	66.9296	66.9296
882	66.9296	66.9296
883	66.9296	66.9296
884	66.9296	66.9296
885	66.9296	66.9296
886	66.9296	66.9296
887	66.9296	66.9296
888	66.9296	66.9296
889	66.9296	66.9296
890	66.9296	66.9296
891	66.9296	66.9296
892	66.9296	66.9296
893	66.9296	66.9296
894	66.9296	66.9296
895	66.9296	66.9296
896	66.9296	66.9296
897	66.9296	66.9296
898	66.9296	66.9296
899	66.9296	66.9296
900	66.9296	66.9296
901	66.9296	66.9296
902	66.4095	66.8833
903	66.4095	66.8077
904	66.4095	66.7019
905	66.4095	66.5615
906	66.4095	66.4808
907	66.4095	66.41
908	66.4095	66.4095
909	66.4095	66.4095
910	66.4095	66.4095
911	66.4095	66.4095
912	66.4095	66.4095
913	66.4095	66.4095
914	66.4095	66.4095
915	66.4095	66.4095
916	66.4095	66.4095
917	66.4095	66.4095
918	66.4095	66.4095
919	66.4095	66.4095
920	66.4095	66.4095
921	66.4095	66.4095
922	66.4095	66.4095
923	66.4095	66.4095
924	66.4095	66.4095
925	66.4095	66.4095
926	66.4095	66.4095
927	66.4095	66.4095
928	66.4095	66.4095
929	66.4095	66.4095
930	66.4095	66.4095
931	66.4095	66.4095
932	66.4095	66.4095
933	66.4095	66.4095
934	66.4095	66.4095
935	66.4095	66.4095
936	66.4095	66.4095
937	66.4095	66.4095
938	66.4095	66.4095
939	66.4095	66.4095
940	66.4095	66.4095
941	66.4095	66.4095
942	66.4095	66.4095
943	66.4095	66.4095
944	66.4095	66.4095
945	66.4095	66.4095
946	66.4095	66.4095
947	66.4095	66.4095
948	66.4095	66.4095
949	66.4095	66.4095
950	66.4095	66.4095
951	66.4095	66.4095
952	66.4095	66.4095
953	66.4095	66.4095
954	66.4095	66.4095
955	66.4095	66.4095
956	66.4095	66.4095
957	66.4095	66.4095
958	66.4095	66.4095
959	66.4095	66.4095
960	66.4095	66.4095
961	66.4095	66.4095
962	66.4095	66.4095
963	66.4095	66.4095
964	66.4095	66.4095
965	66.4095	66.4095
966	66.4095	66.4095
967	66.4095	66.4095
968	66.4095	66.4095
969	66.4095	66.4095
970	66.4095	66.4095
971	66.4095	66.4095
972	66.4095	66.4095
973	66.4095	66.4095
974	66.4095	66.4095
975	66.4095	66.4095
976	66.4095	66.4095
977	66.4095	66.4095
978	66.4095	66.4095
979	66.4095	66.4095
980	66.4095	66.4095
981	66.4095	66.4095
982	66.4095	66.4095
983	66.4095	66.4095
984	66.4095	66.4095
985	66.4095	66.4095
986	66.4095	66.4095
987	66.4095	66.4095
988	66.4095	66.4095
989	66.4095	66.4095
990	66.4095	66.4095
991	66.4095	66.4095
992	66.4095	66.4095
993	66.4095	66.4095
994	66.4095	66.4095
995	66.4095	66.4095
996	66.4095	66.4095
997	66.4095	66.4095
998	66.4095	66.4095
999	66.4095	66.4095
1000	66.4095	66.4095
1001	66.4095	66.4095
1002	66.4095	66.4095
1003	66.4095	66.4095
1004	66.4095	66.4095
1005	66.4095	66.4095
1006	66.4095	66.4095
1007	66.4095	66.4095
1008	66.4095	66.4095
1009	66.4095	66.4095
1010	66.4095	66.4095
1011	66.4095	66.4095
1012	66.4095	66.4095
1013	66.4095	66.4095
1014	66.4095	66.4095
1015	66.4095	66.4095
1016	66.4095	66.4095
1017	66.4095	66.4095
1018	66.4095	66.4095
1019	66.4095	66.4095
1020	66.4095	66.4095
1021	66.4095	66.4095
1022	66.4095	66.4095
1023	66.4095	66.4095
1024	66.4095	66.4095
1025	66.4095	66.4095
1026	66.4095	66.4095
1027	66.4095	66.4095
1028	66.4095	66.4095
1029	66.4095	66.4095
1030	66.4095	66.4095
1031	66.4095	66.4095
1032	66.4095	66.4095
1033	66.4095	66.4095
1034	66.4095	66.4095
1035	66.4095	66.4095
1036	66.4095	66.4095
1037	66.4095	66.4095
1038	66.4095	66.4095
1039	66.4095	66.4095
1040	66.4095	66.4095
1041	66.4095	66.4095
1042	66.4095	66.4095
1043	66.4095	66.4095
1044	66.4095	66.4095
1045	66.4095	66.4095
1046	66.4095	66.4095
1047	66.4095	66.4095
1048	66.4095	66.4095
1049	66.4095	66.4095
1050	66.4095	66.4095
1051	66.4095	66.4095
1052	66.4095	66.4095
1053	66.4095	66.4095
1054	66.4095	66.4095
1055	66.4095	66.4095
1056	66.4095	66.4095
1057	66.4095	66.4095
1058	66.4095	66.4095
1059	66.4095	66.4095
1060	66.4095	66.4095
1061	66.4095	66.4095
1062	66.4095	66.4095
1063	66.4095	66.4095
1064	66.4095	66.4095
1065	66.4095	66.4095
1066	66.4095	66.4095
1067	66.4095	66.4095
1068	66.4095	66.4095
1069	66.4095	66.4095
1070	66.4095	66.4095
1071	66.4095	66.4095
1072	66.4095	66.4095
1073	66.4095	66.4095
1074	66.4095	66.4095
1075	66.4095	66.4095
1076	66.4095	66.4095
1077	66.4095	66.4095
1078	66.4095	66.4095
1079	66.4095	66.4095
1080	66.4095	66.4095
1081	66.4095	66.4095
1082	66.4095	66.4095
1083	66.4095	66.4095
1084	66.4095	66.4095
1085	66.4095	66.4095
1086	66.4095	66.4095
1087	66.4095	66.4095
1088	66.4095	66.4095
1089	66.4095	66.4095
1090	66.4095	66.4095
1091	66.4095	66.4095
1092	66.4095	66.4095
1093	66.4095	66.4095
1094	66.4095	66.4095
1095	66.4095	66.4095
1096	66.4095	66.4095
1097	66.4095	66.4095
1098	66.4095	66.4095
1099	66.4095	66.4095
1100	66.4095	66.4095
1101	66.4095	66.4095
1102	66.4095	66.4095
1103	66.4095	66.4095
1104	66.4095	66.4095
1105	66.4095	66.4095
1106	66.4095	66.4095
1107	66.4095	66.4095
1108	66.4095	66.4095
1109	66.4095	66.4095
1110	66.4095	66.4095
1111	66.4095	66.4095
1112	66.4095	66.4095
1113	66.4095	66.4095
1114	66.4095	66.4095
1115	66.4095	66.4095
1116	66.4095	66.4095
1117	66.4095	66.4095
1118	66.4095	66.4095
1119	66.4095	66.4095
1120	66.4095	66.4095
1121	66.4095	66.4095
1122	66.4095	66.4095
1123	66.4095	66.4095
1124	66.4095	66.4095
1125	66.4095	66.4095
1126	66.4095	66.4095
1127	66.4095	66.4095
1128	66.4095	66.4095
1129	66.4095	66.4095
1130	66.4095	66.4095
1131	66.4095	66.4095
1132	66.4095	66.4095
1133	66.4095	66.4095
1134	66.4095	66.4095
1135	66.4095	66.4095
1136	66.4095	66.4095
1137	66.4095	66.4095
1138	66.4095	66.4095
1139	66.4095	66.4095
1140	66.4095	66.4095
1141	66.4095	66.4095
1142	66.4095	66.4095
1143	66.4095	66.4095
1144	66.4095	66.4095
1145	66.4095	66.4095
1146	66.4095	66.4095
1147	66.4095	66.4095
1148	66.4095	66.4095
1149	66.4095	66.4095
1150	66.4095	66.4095
1151	66.4095	66.4095
1152	66.4095	66.4095
1153	66.4095	66.4095
1154	66.4095	66.4095
1155	66.4095	66.4095
1156	66.4095	66.4095
1157	66.4095	66.4095
1158	66.4095	66.4095
1159	66.4095	66.4095
1160	66.4095	66.4095
1161	66.4095	66.4095
1162	66.4095	66.4095
1163	66.4095	66.4095
1164	66.4095	66.4095
1165	66.4095	66.4095
1166	66.4095	66.4095
1167	66.4095	66.4095
1168	66.4095	66.4095
1169	66.4095	66.4095
1170	66.4095	66.4095
1171	66.4095	66.4095
1172	66.4095	66.4095
1173	66.4095	66.4095
1174	66.4095	66.4095
1175	66.4095	66.4095
1176	66.4095	66.4095
1177	66.4095	66.4095
1178	66.4095	66.4095
1179	66.4095	66.4095
1180	66.4095	66.4095
1181	66.4095	66.4095
1182	66.4095	66.4095
1183	66.4095	66.4095
1184	66.4095	66.4095
1185	66.4095	66.4095
1186	66.4095	66.4095
1187	66.4095	66.4095
1188	66.4095	66.4095
1189	66.4095	66.4095
1190	66.4095	66.4095
1191	66.4095	66.4095
1192	66.4095	66.4095
1193	66.4095	66.4095
1194	66.4095	66.4095
1195	66.4095	66.4095
1196	66.4095	66.4095
1197	66.4095	66.4095
1198	66.4095	66.4095
1199	66.4095	66.4095
1200	66.4095	66.4095
1201	66.4095	66.4095
1202	66.4095	66.4095
1203	66.4095	66.4095
1204	66.4095	66.4095
1205	66.4095	66.4095
1206	66.4095	66.4095
1207	66.4095	66.4095
1208	66.4095	66.4095
1209	66.4095	66.4095
1210	66.4095	66.4095
1211	66.4095	66.4095
1212	66.4095	66.4095
1213	66.4095	66.4095
1214	66.4095	66.4095
1215	66.4095	66.4095
1216	66.4095	66.4095
1217	66.4095	66.4095
1218	66.4095	66.4095
1219	66.4095	66.4095
1220	66.4095	66.4095
1221	66.4095	66.4095
1222	66.4095	66.4095
1223	66.4095	66.4095
1224	66.4095	66.4095
1225	66.4095	66.4095
1226	66.4095	66.4095
1227	66.4095	66.4095
1228	66.4095	66.4095
1229	66.4095	66.4095
1230	66.4095	66.4095
1231	66.4095	66.4095
1232	66.4095	66.4095
1233	66.4095	66.4095
1234	66.4095	66.4095
1235	66.4095	66.4095
1236	66.4095	66.4095
1237	66.4095	66.4095
1238	66.4095	66.4095
1239	66.4095	66.4095
1240	66.4095	66.4095
1241	66.4095	66.4095
1242	66.4095	66.4095
1243	66.4095	66.4095
1244	66.4095	66.4095
1245	66.4095	66.4095
1246	66.4095	66.4095
1247	66.4095	66.4095
1248	66.4095	66.4095
1249	66.4095	66.4095
1250	66.4095	66.4095
1251	66.4095	66.4095
1252	66.4095	66.4095
1253	66.4095	66.4095
1254	66.4095	66.4095
1255	66.4095	66.4095
1256	66.4095	66.4095
1257	66.4095	66.4095
1258	66.4095	66.4095
1259	66.4095	66.4095
1260	66.4095	66.4095
1261	66.4095	66.4095
1262	66.4095	66.4095
1263	66.4095	66.4095
1264	66.4095	66.4095
1265	66.4095	66.4095
1266	66.4095	66.4095
1267	66.4095	66.4095
1268	66.4095	66.4095
1269	66.4095	66.4095
1270	66.4095	66.4095
1271	66.4095	66.4095
1272	66.4095	66.4095
1273	66.4095	66.4095
1274	66.4095	66.4095
1275	66.4095	66.4095
1276	66.4095	66.4095
1277	66.4095	66.4095
1278	66.4095	66.4095
1279	66.4095	66.4095
1280	66.4095	66.4095
1281	66.4095	66.4095
1282	66.4095	66.4095
1283	66.4095	66.4095
1284	66.4095	66.4095
1285	66.4095	66.4095
1286	66.4095	66.4095
1287	66.4095	66.4095
1288	66.4095	66.4095
1289	66.4095	66.4095
1290	66.4095	66.4095
1291	66.4095	66.4095
1292	66.4095	66.4095
1293	66.4095	66.4095
1294	66.4095	66.4095
1295	66.4095	66.4095
1296	66.4095	66.4095
1297	66.4095	66.4095
1298	66.4095	66.4095
1299	66.4095	66.4095
1300	66.4095	66.4095
1301	66.4095	66.4095
1302	66.4095	66.4095
1303	66.4095	66.4095
1304	66.4095	66.4095
1305	66.4095	66.4095
1306	66.4095	66.4095
1307	66.4095	66.4095
1308	66.4095	66.4095
1309	66.4095	66.4095
1310	66.4095	66.4095
1311	66.4095	66.4095
1312	66.4095	66.4095
1313	66.4095	66.4095
1314	66.4095	66.4095
1315	66.4095	66.4095
1316	66.4095	66.4095
1317	66.4095	66.4095
1318	66.4095	66.4095
1319	66.4095	66.4095
1320	66.4095	66.4095
1321	66.4095	66.4095
1322	66.4095	66.4095
1323	66.4095	66.4095
1324	66.4095	66.4095
1325	66.4095	66.4095
1326	66.4095	66.4095
1327	66.4095	66.4095
1328	66.4095	66.4095
1329	66.4095	66.4095
1330	66.4095	66.4095
1331	66.4095	66.4095
1332	66.4095	66.4095
1333	66.4095	66.4095
1334	66.4095	66.4095
1335	66.4095	66.4095
1336	66.4095	66.4095
1337	66.4095	66.4095
1338	66.4095	66.4095
1339	66.4095	66.4095
1340	66.4095	66.4095
1341	66.4095	66.4095
1342	66.4095	66.4095
1343	66.4095	66.4095
1344	66.4095	66.4095
1345	66.4095	66.4095
1346	66.4095	66.4095
1347	66.4095	66.4095
1348	66.4095	66.4095
1349	66.4095	66.4095
1350	66.4095	66.4095
1351	66.4095	66.4095
1352	66.4095	66.4095
1353	66.4095	66.4095
1354	66.4095	66.4095
1355	66.4095	66.4095
1356	66.4095	66.4095
1357	66.4095	66.4095
1358	66.4095	66.4095
1359	66.4095	66.4095
1360	66.4095	66.4095
1361	66.4095	66.4095
1362	66.4095	66.4095
1363	66.4095	66.4095
1364	66.4095	66.4095
1365	66.4095	66.4095
1366	66.4095	66.4095
1367	66.4095	66.4095
1368	66.4095	66.4095
1369	66.4095	66.4095
1370	66.4095	66.4095
1371	66.4095	66.4095
1372	66.4095	66.4095
1373	66.4095	66.4095
1374	66.4095	66.4095
1375	66.4095	66.4095
1376	66.4095	66.4095
1377	66.4095	66.4095
1378	66.4095	66.4095
1379	66.4095	66.4095
1380	66.4095	66.4095
1381	66.4095	66.4095
1382	66.4095	66.4095
1383	66.4095	66.4095
1384	66.4095	66.4095
1385	66.4095	66.4095
1386	66.4095	66.4095
1387	66.4095	66.4095
1388	66.4095	66.4095
1389	66.4095	66.4095
1390	66.4095	66.4095
1391	66.4095	66.4095
1392	66.4095	66.4095
1393	66.4095	66.4095
1394	66.4095	66.4095
1395	66.4095	66.4095
1396	66.4095	66.4095
1397	66.4095	66.4095
1398	66.4095	66.4095
1399	66.4095	66.4095
1400	66.4095	66.4095
1401	66.4095	66.4095
1402	65.6569	66.365
1403	65.4666	66.2389
1404	65.4666	66.0561
1405	65.4666	65.861
1406	65.4666	65.6741
1407	65.4666	65.5855
1408	65.4666	65.5129
1409	65.4666	65.4843
1410	65.4666	65.4666
1411	65.4666	65.4666
1412	65.4666	65.4666
1413	65.4666	65.4666
1414	65.4666	65.4666
1415	65.4666	65.4666
1416	65.4666	65.4666
1417	65.4666	65.4666
1418	65.4666	65.4666
1419	65.4666	65.4666
1420	65.4666	65.4666
1421	65.4666	65.4666
1422	65.4666	65.4666
1423	65.4666	65.4666
1424	65.4666	65.4666
1425	65.4666	65.4666
1426	65.4666	65.4666
1427	65.4666	65.4666
1428	65.4666	65.4666
1429	65.4666	65.4666
1430	65.4666	65.4666
1431	65.4666	65.4666
1432	65.4666	65.4666
1433	65.4666	65.4666
1434	65.4666	65.4666
1435	65.4666	65.4666
1436	65.4666	65.4666
1437	65.4666	65.4666
1438	65.4666	65.4666
1439	65.4666	65.4666
1440	65.4666	65.4666
1441	65.4666	65.4666
1442	65.4666	65.4666
1443	65.4666	65.4666
1444	65.4666	65.4666
1445	65.4666	65.4666
1446	65.4666	65.4666
1447	65.4666	65.4666
1448	65.4666	65.4666
1449	65.4666	65.4666
1450	65.4666	65.4666
1451	65.4666	65.4666
1452	65.4666	65.4666
1453	65.4666	65.4666
1454	65.4666	65.4666
1455	65.4666	65.4666
1456	65.4666	65.4666
1457	65.4666	65.4666
1458	65.4666	65.4666
1459	65.4666	65.4666
1460	65.4666	65.4666
1461	65.4666	65.4666
1462	65.4666	65.4666
1463	65.4666	65.4666
1464	65.4666	65.4666
1465	65.4666	65.4666
1466	65.4666	65.4666
1467	65.4666	65.4666
1468	65.4666	65.4666
1469	65.4666	65.4666
1470	65.4666	65.4666
1471	65.4666	65.4666
1472	65.4666	65.4666
1473	65.4666	65.4666
1474	65.4666	65.4666
1475	65.4666	65.4666
1476	65.4666	65.4666
1477	65.4666	65.4666
1478	65.4666	65.4666
1479	65.4666	65.4666
1480	65.4666	65.4666
1481	65.4666	65.4666
1482	65.4666	65.4666
1483	65.4666	65.4666
1484	65.4666	65.4666
1485	65.4666	65.4666
1486	65.4666	65.4666
1487	65.4666	65.4666
1488	65.4666	65.4666
1489	65.4666	65.4666
1490	65.4666	65.4666
1491	65.4666	65.4666
1492	65.4666	65.4666
1493	65.4666	65.4666
1494	65.4666	65.4666
1495	65.4666	65.4666
1496	65.4666	65.4666
1497	65.4666	65.4666
1498	65.2071	65.4661
1499	65.2071	65.4526
1500	65.2071	65.4121
1501	65.2071	65.3229
1502	65.2071	65.2538
1503	65.2071	65.2206
1504	65.2071	65.2071
1505	65.2071	65.2071
1506	65.2071	65.2071
1507	65.2071	65.2071
1508	65.2071	65.2071
1509	65.2071	65.2071
1510	65.2071	65.2071
1511	65.2071	65.2071
1512	65.2071	65.2071
1513	65.2071	65.2071
1514	65.2071	65.2071
1515	65.2071	65.2071
1516	65.2071	65.2071
1517	65.2071	65.2071
1518	65.2071	65.2071
1519	65.2071	65.2071
1520	65.2071	65.2071
1521	65.2071	65.2071
1522	65.2071	65.2071
1523	65.2071	65.2071
1524	65.2071	65.2071
1525	65.2071	65.2071
1526	65.2071	65.2071
1527	65.2071	65.2071
1528	65.2071	65.2071
1529	65.2071	65.2071
1530	65.2071	65.2071
1531	65.2071	65.2071
1532	65.2071	65.2071
1533	65.2071	65.2071
1534	65.2071	65.2071
1535	65.2071	65.2071
1536	65.2071	65.2071
1537	65.2071	65.2071
1538	65.2071	65.2071
1539	65.2071	65.2071
1540	65.2071	65.2071
1541	65.0629	65.2019
1542	65.0629	65.1806
1543	65.0629	65.1428
1544	65.0629	65.1062
1545	65.0629	65.0722
1546	65.0629	65.0629
1547	65.0629	65.0629
1548	65.0629	65.0629
1549	65.0629	65.0629
1550	65.0629	65.0629
1551	65.0629	65.0629
1552	65.0629	65.0629
1553	65.0629	65.0629
1554	65.0629	65.0629
1555	65.0629	65.0629
1556	65.0629	65.0629
1557	65.0629	65.0629
1558	65.0629	65.0629
1559	65.0629	65.0629
1560	65.0629	65.0629
1561	65.0629	65.0629
1562	65.0629	65.0629
1563	65.0629	65.0629
1564	65.0629	65.0629
1565	65.0629	65.0629
1566	65.0629	65.0629
1567	65.0629	65.0629
1568	65.0629	65.0629
1569	65.0629	65.0629
1570	65.0629	65.0629
1571	65.0629	65.0629
1572	65.0629	65.0629
1573	65.0629	65.0629
1574	65.0629	65.0629
1575	65.0629	65.0629
1576	65.0629	65.0629
1577	65.0629	65.0629
1578	65.0629	65.0629
1579	65.0629	65.0629
1580	65.0629	65.0629
1581	65.0629	65.0629
1582	65.0629	65.0629
1583	65.0629	65.0629
1584	65.0629	65.0629
1585	65.0629	65.0629
1586	65.0629	65.0629
1587	65.0629	65.0629
1588	65.0629	65.0629
1589	65.0629	65.0629
1590	65.0629	65.0629
1591	65.0629	65.0629
1592	65.0629	65.0629
1593	65.0629	65.0629
1594	65.0629	65.0629
1595	65.0629	65.0629
1596	65.0629	65.0629
1597	65.0629	65.0629
1598	65.0629	65.0629
1599	65.0629	65.0629
1600	65.0629	65.0629
1601	65.0629	65.0629
1602	65.0629	65.0629
1603	65.0629	65.0629
1604	65.0629	65.0629
1605	65.0629	65.0629
1606	65.0629	65.0629
1607	65.0629	65.0629
1608	65.0629	65.0629
1609	65.0629	65.0629
1610	65.0629	65.0629
1611	65.0629	65.0629
1612	65.0629	65.0629
1613	65.0629	65.0629
1614	65.0629	65.0629
1615	65.0629	65.0629
1616	65.0629	65.0629
1617	65.0629	65.0629
1618	65.0629	65.0629
1619	65.0629	65.0629
1620	65.0629	65.0629
1621	65.0629	65.0629
1622	65.0629	65.0629
1623	65.0629	65.0629
1624	65.0629	65.0629
1625	65.0629	65.0629
1626	65.0629	65.0629
1627	65.0629	65.0629
1628	65.0629	65.0629
1629	65.0629	65.0629
1630	65.0629	65.0629
1631	65.0629	65.0629
1632	65.0629	65.0629
1633	65.0629	65.0629
1634	65.0629	65.0629
1635	65.0629	65.0629
1636	65.0629	65.0629
1637	65.0629	65.0629
1638	65.0629	65.0629
1639	65.0629	65.0629
1640	65.0629	65.0629
1641	65.0629	65.0629
1642	65.0629	65.0629
1643	65.0629	65.0629
1644	65.0629	65.0629
1645	65.0629	65.0629
1646	65.0629	65.0629
1647	65.0629	65.0629
1648	65.0629	65.0629
1649	65.0629	65.0629
1650	65.0629	65.0629
1651	65.0629	65.0629
1652	65.0629	65.0629
1653	65.0629	65.0629
1654	65.0629	65.0629
1655	65.0629	65.0629
1656	65.0629	65.0629
1657	65.0629	65.0629
1658	65.0629	65.0629
1659	65.0629	65.0629
1660	65.0629	65.0629
1661	65.0629	65.0629
1662	65.0629	65.0629
1663	65.0629	65.0629
1664	65.0629	65.0629
1665	65.0629	65.0629
1666	65.0629	65.0629
1667	65.0629	65.0629
1668	65.0629	65.0629
1669	65.0629	65.0629
1670	65.0629	65.0629
1671	65.0629	65.0629
1672	65.0629	65.0629
1673	65.0629	65.0629
1674	65.0629	65.0629
1675	65.0629	65.0629
1676	65.0629	65.0629
1677	65.0629	65.0629
1678	65.0629	65.0629
1679	65.0629	65.0629
1680	65.0629	65.0629
1681	65.0629	65.0629
1682	65.0629	65.0629
1683	65.0629	65.0629
1684	65.0629	65.0629
1685	65.0629	65.0629
1686	65.0629	65.0629
1687	65.0629	65.0629
1688	65.0629	65.0629
1689	65.0629	65.0629
1690	65.0629	65.0629
1691	65.0629	65.0629
1692	65.0629	65.0629
1693	65.0629	65.0629
1694	65.0629	65.0629
1695	65.0629	65.0629
1696	65.0629	65.0629
1697	65.0629	65.0629
1698	65.0629	65.0629
1699	65.0629	65.0629
1700	65.0629	65.0629
1701	65.0629	65.0629
1702	65.0629	65.0629
1703	65.0629	65.0629
1704	65.0629	65.0629
1705	65.0629	65.0629
1706	65.0629	65.0629
1707	65.0629	65.0629
1708	65.0629	65.0629
1709	65.0629	65.0629
1710	65.0629	65.0629
1711	65.0629	65.0629
1712	65.0629	65.0629
1713	65.0629	65.0629
1714	65.0629	65.0629
1715	65.0629	65.0629
1716	65.0629	65.0629
1717	65.0629	65.0629
1718	65.0629	65.0629
1719	65.0629	65.0629
1720	65.0629	65.0629
1721	65.0629	65.0629
1722	65.0629	65.0629
1723	65.0629	65.0629
1724	65.0629	65.0629
1725	65.0629	65.0629
1726	65.0629	65.0629
1727	65.0629	65.0629
1728	65.0629	65.0629
1729	65.0629	65.0629
1730	65.0629	65.0629
1731	65.0629	65.0629
1732	65.0629	65.0629
1733	65.0629	65.0629
1734	65.0629	65.0629
1735	65.0629	65.0629
1736	65.0629	65.0629
1737	65.0629	65.0629
1738	65.0629	65.0629
1739	65.0629	65.0629
1740	65.0629	65.0629
1741	65.0629	65.0629
1742	65.0629	65.0629
1743	65.0629	65.0629
1744	65.0629	65.0629
1745	65.0629	65.0629
1746	65.0629	65.0629
1747	65.0629	65.0629
1748	65.0629	65.0629
1749	65.0629	65.0629
1750	65.0629	65.0629
1751	65.0629	65.0629
1752	65.0629	65.0629
1753	65.0629	65.0629
1754	65.0629	65.0629
1755	65.0629	65.0629
1756	65.0629	65.0629
1757	65.0629	65.0629
1758	65.0629	65.0629
1759	65.0629	65.0629
1760	65.0629	65.0629
1761	65.0629	65.0629
1762	65.0629	65.0629
1763	65.0629	65.0629
1764	65.0629	65.0629
1765	65.0629	65.0629
1766	65.0629	65.0629
1767	65.0629	65.0629
1768	65.0629	65.0629
1769	65.0629	65.0629
1770	65.0629	65.0629
1771	65.0629	65.0629
1772	65.0629	65.0629
1773	65.0629	65.0629
1774	65.0629	65.0629
1775	65.0629	65.0629
1776	65.0629	65.0629
1777	65.0629	65.0629
1778	65.0629	65.0629
1779	65.0629	65.0629
1780	65.0629	65.0629
1781	65.0629	65.0629
1782	65.0629	65.0629
1783	65.0629	65.0629
1784	65.0629	65.0629
1785	65.0629	65.0629
1786	65.0629	65.0629
1787	65.0629	65.0629
1788	65.0629	65.0629
1789	65.0629	65.0629
1790	65.0629	65.0629
1791	65.0629	65.0629
1792	65.0629	65.0629
1793	65.0629	65.0629
1794	65.0629	65.0629
1795	65.0629	65.0629
1796	65.0629	65.0629
1797	65.0629	65.0629
1798	65.0629	65.0629
1799	65.0629	65.0629
1800	65.0629	65.0629
1801	65.0629	65.0629
1802	65.0629	65.0629
1803	65.0629	65.0629
1804	65.0629	65.0629
1805	65.0629	65.0629
1806	65.0629	65.0629
1807	65.0629	65.0629
1808	65.0629	65.0629
1809	65.0629	65.0629
1810	65.0629	65.0629
1811	65.0629	65.0629
1812	65.0629	65.0629
1813	65.0629	65.0629
1814	65.0629	65.0629
1815	65.0629	65.0629
1816	65.0629	65.0629
1817	65.0629	65.0629
1818	65.0629	65.0629
1819	65.0629	65.0629
1820	65.0629	65.0629
1821	65.0629	65.0629
1822	65.0629	65.0629
1823	65.0629	65.0629
1824	65.0629	65.0629
1825	65.0629	65.0629
1826	65.0629	65.0629
1827	65.0629	65.0629
1828	65.0629	65.0629
1829	65.0629	65.0629
1830	65.0629	65.0629
1831	65.0629	65.0629
1832	65.0629	65.0629
1833	65.0629	65.0629
1834	65.0629	65.0629
1835	65.0629	65.0629
1836	65.0629	65.0629
1837	65.0629	65.0629
1838	65.0629	65.0629
1839	65.0629	65.0629
1840	65.0629	65.0629
1841	65.0629	65.0629
1842	65.0629	65.0629
1843	65.0629	65.0629
1844	65.0629	65.0629
1845	65.0629	65.0629
1846	65.0629	65.0629
1847	65.0629	65.0629
1848	65.0629	65.0629
1849	65.0629	65.0629
1850	65.0629	65.0629
1851	65.0629	65.0629
1852	65.0629	65.0629
1853	65.0629	65.0629
1854	65.0629	65.0629
1855	65.0629	65.0629
1856	65.0629	65.0629
1857	65.0629	65.0629
1858	65.0629	65.0629
1859	65.0629	65.0629
1860	65.0629	65.0629
1861	65.0629	65.0629
1862	65.0629	65.0629
1863	65.0629	65.0629
1864	65.0629	65.0629
1865	65.0629	65.0629
1866	65.0629	65.0629
1867	65.0629	65.0629
1868	65.0629	65.0629
1869	65.0629	65.0629
1870	65.0629	65.0629
1871	65.0629	65.0629
1872	65.0629	65.0629
1873	65.0629	65.0629
1874	65.0629	65.0629
1875	65.0629	65.0629
1876	65.0629	65.0629
1877	65.0629	65.0629
1878	65.0629	65.0629
1879	65.0629	65.0629
1880	65.0629	65.0629
1881	65.0629	65.0629
1882	65.0629	65.0629
1883	65.0629	65.0629
1884	65.0629	65.0629
1885	65.0629	65.0629
1886	65.0629	65.0629
1887	65.0629	65.0629
1888	65.0629	65.0629
1889	65.0629	65.0629
1890	65.0629	65.0629
1891	65.0629	65.0629
1892	65.0629	65.0629
1893	65.0629	65.0629
1894	65.0629	65.0629
1895	65.0629	65.0629
1896	65.0629	65.0629
1897	65.0629	65.0629
1898	65.0629	65.0629
1899	65.0629	65.0629
1900	65.0629	65.0629
1901	65.0629	65.0629
1902	65.0629	65.0629
1903	65.0629	65.0629
1904	65.0629	65.0629
1905	65.0629	65.0629
1906	65.0629	65.0629
1907	65.0629	65.0629
1908	65.0629	65.0629
1909	65.0629	65.0629
1910	65.0629	65.0629
1911	65.0629	65.0629
1912	65.0629	65.0629
1913	65.0629	65.0629
1914	65.0629	65.0629
1915	65.0629	65.0629
1916	65.0629	65.0629
1917	65.0629	65.0629
1918	65.0629	65.0629
1919	65.0629	65.0629
1920	65.0629	65.0629
1921	65.0629	65.0629
1922	65.0629	65.0629
1923	65.0629	65.0629
1924	65.0629	65.0629
1925	65.0629	65.0629
1926	65.0629	65.0629
1927	65.0629	65.0629
1928	65.0629	65.0629
1929	65.0629	65.0629
1930	65.0629	65.0629
1931	65.0629	65.0629
1932	65.0629	65.0629
1933	65.0629	65.0629
1934	65.0629	65.0629
1935	65.0629	65.0629
1936	65.0629	65.0629
1937	65.0629	65.0629
1938	65.0629	65.0629
1939	65.0629	65.0629
1940	65.0629	65.0629
1941	65.0629	65.0629
1942	65.0629	65.0629
1943	65.0629	65.0629
1944	65.0629	65.0629
1945	65.0629	65.0629
1946	65.0629	65.0629
1947	65.0629	65.0629
1948	65.0629	65.0629
1949	65.0629	65.0629
1950	65.0629	65.0629
1951	65.0629	65.0629
1952	65.0629	65.0629
1953	65.0629	65.0629
1954	65.0629	65.0629
1955	65.0629	65.0629
1956	65.0629	65.0629
1957	65.0629	65.0629
1958	65.0629	65.0629
1959	65.0629	65.0629
1960	65.0629	65.0629
1961	65.0629	65.0629
1962	65.0629	65.0629
1963	65.0629	65.0629
1964	65.0629	65.0629
1965	65.0629	65.0629
1966	65.0629	65.0629
1967	65.0629	65.0629
1968	65.0629	65.0629
1969	65.0629	65.0629
1970	65.0629	65.0629
1971	65.0629	65.0629
1972	65.0629	65.0629
1973	65.0629	65.0629
1974	65.0629	65.0629
1975	65.0629	65.0629
1976	65.0629	65.0629
1977	65.0629	65.0629
1978	65.0629	65.0629
1979	65.0629	65.0629
1980	65.0629	65.0629
1981	65.0629	65.0629
1982	65.0629	65.0629
1983	65.0629	65.0629
1984	65.0629	65.0629
1985	65.0629	65.0629
1986	65.0629	65.0629
1987	65.0629	65.0629
1988	65.0629	65.0629
1989	65.0629	65.0629
1990	65.0629	65.0629
1991	65.0629	65.0629
1992	65.0629	65.0629
1993	65.0629	65.0629
1994	65.0629	65.0629
1995	65.0629	65.0629
1996	65.0629	65.0629
1997	65.0629	65.0629
1998	65.0629	65.0629
1999	65.0629	65.0629
2000	65.0629	65.0629
