# GEN: 	 LUNGHEZZA DEL MIGLIORE: 	 LUNGHEZZA MEDIA:
1	447.586	505.989
2	436.572	488.045
3	414.597	465.082
4	410.984	451.293
5	395.371	436.756
6	387.149	421.649
7	374.447	410.292
8	369.933	402.793
9	369.025	393.647
10	365.02	387.287
11	355.812	382.174
12	351.997	377.549
13	348.778	372.503
14	343.151	368.152
15	328.661	362.778
16	326.312	355.112
17	310.671	345.698
18	308.198	337.179
19	302.309	328.675
20	297.531	320.702
21	291.904	313.547
22	291.904	307.62
23	288.145	302.45
24	283.815	298.108
25	283.547	294.899
26	276.651	291.806
27	276.651	288.767
28	275.119	285.107
29	272.806	282.63
30	267.359	280.058
31	265.362	277.19
32	261.09	274.872
33	260.113	272.244
34	259.411	268.808
35	258.126	265.746
36	256.24	263.407
37	252.153	261.62
38	251.608	259.523
39	246.835	258.004
40	246.887	256.207
41	245.169	253.465
42	244.45	251.357
43	239.607	249.714
44	235.583	248.444
45	233.168	246.405
46	229.18	243.603
47	228.587	240.616
48	227.451	238.129
49	227.451	235.147
50	224.056	232.124
51	223.214	230.914
52	223.214	230.447
53	221.569	229.87
54	219.059	228.955
55	220.262	228.317
56	218.524	225.897
57	217.059	224.662
58	212.93	223.036
59	209.791	221.486
60	209.198	218.437
61	209.198	215.401
62	208.678	213.228
63	205.899	211.585
64	200.244	210.61
65	200.244	209.374
66	198.424	207.233
67	198.677	206.222
68	198.424	204.143
69	195.632	201.961
70	194.631	200.378
71	187.47	198.691
72	185.16	196.201
73	185.16	194.063
74	182.938	190.64
75	182.785	188.17
76	181.639	186.694
77	180.578	185.404
78	179.876	183.833
79	179.414	182.773
80	177.298	181.932
81	176.174	180.7
82	175.544	179.595
83	174.567	178.479
84	172.989	177.296
85	171.745	176.197
86	169.147	175.242
87	166.889	174.028
88	166.889	172.828
89	166.825	171.337
90	164.313	169.643
91	164.313	168.521
92	164.313	167.351
93	162.938	165.85
94	163.779	165.114
95	162.138	164.798
96	161.677	164.778
97	161.325	165.405
98	161.325	165.525
99	161.23	165.754
100	157.34	165.638
101	159.048	164.979
102	150.483	164.859
103	150.483	164.945
104	150.483	167.388
105	150.483	167.092
106	150.483	166.456
107	150.475	165.364
108	150.475	161.969
109	150.11	158.086
110	148.72	154.68
111	148.72	152.543
112	147.693	150.985
113	147.693	150.548
114	147.032	149.914
115	141.703	149.278
116	139.237	148.405
117	139.199	147.354
118	138.748	145.569
119	138.711	143.611
120	138.216	142.143
121	137.55	142.217
122	135.482	141.074
123	135.22	140.711
124	135.22	139.402
125	135.22	139.583
126	135.22	138.92
127	135.22	138.271
128	135.22	137.214
129	132.792	136.741
130	132.792	136.962
131	132.792	137.25
132	132.792	137.559
133	132.792	138.656
134	132.792	138.121
135	132.792	137.11
136	132.561	136.638
137	131.357	135.082
138	130.477	135.089
139	130.246	134.409
140	130.229	133.413
141	129.714	133.049
142	128.86	131.804
143	128.327	131.269
144	128.327	130.29
145	127.033	129.881
146	127.033	129.501
147	126.284	128.863
148	126.284	128.397
149	126.284	128.373
150	126.284	128.038
151	125.754	127.313
152	125.754	127.324
153	124.246	126.882
154	124.246	126.624
155	123.921	125.655
156	123.921	124.999
157	123.462	124.478
158	123.462	124.123
159	122.128	123.888
160	118.987	123.421
161	117.194	122.614
162	116.965	121.516
163	115.943	120.175
164	115.943	118.921
165	115.82	118.091
166	115.559	117.365
167	115.436	116.821
168	115.436	116.351
169	114.667	116.054
170	114.667	115.72
171	114.544	115.539
172	113.737	115.305
173	112.991	114.919
174	112.587	114.476
175	111.707	114.048
176	111.695	113.546
177	110.888	112.92
178	110.412	112.306
179	110.412	111.798
180	110.412	111.293
181	109.698	110.865
182	109.565	110.504
183	108.216	110.067
184	109.186	109.822
185	108.571	109.658
186	108.199	109.434
187	107.476	109.099
188	107.476	108.721
189	107.325	108.282
190	106.531	107.859
191	106.292	107.536
192	106.195	107.228
193	104.908	106.875
194	104.81	106.527
195	104.81	106.172
196	104.44	105.827
197	102.319	105.337
198	102.319	104.665
199	102.123	103.826
200	101.885	103.228
201	101.738	102.948
202	100.597	102.521
203	100.588	102.155
204	100.588	101.656
205	100.588	101.21
206	100.588	100.834
207	100.549	100.645
208	100.539	100.588
209	100.539	100.579
210	100.371	100.566
211	99.9028	100.519
212	99.8542	100.414
213	99.6859	100.213
214	99.2222	99.9519
215	98.9372	99.7809
216	98.4735	99.5942
217	98.2471	99.308
218	98.2446	99.0047
219	98.2446	98.6922
220	97.6334	98.5062
221	97.2784	98.3329
222	96.0182	98.1046
223	95.7918	97.8453
224	95.7918	97.3753
225	95.7893	96.7453
226	95.7893	96.3348
227	95.7893	95.9214
228	95.7893	95.8455
229	95.6927	95.7989
230	95.6927	95.7679
231	95.6927	95.7406
232	95.6927	95.716
233	95.6637	95.7003
234	95.6613	95.6909
235	95.5426	95.6872
236	94.8351	95.6494
237	94.8351	95.7166
238	94.8351	95.7969
239	94.8351	95.76
240	94.5182	96.076
241	94.5182	95.7338
242	94.2886	94.9491
243	93.9718	94.6509
244	93.9718	94.4948
245	93.9718	94.3522
246	93.4997	94.1933
247	93.4997	94.0318
248	93.3983	93.8872
249	92.3756	93.7377
250	92.3756	93.5765
251	92.1885	93.2448
252	92.0793	92.8777
253	91.7733	92.5967
254	91.5863	92.2868
255	91.5863	92.11
256	90.9007	91.9535
257	91.3074	91.9188
258	91.3074	92.5667
259	91.1005	92.6016
260	90.8216	92.1914
261	90.3881	91.9924
262	90.3881	91.9632
263	90.3881	91.8559
264	90.1092	91.3277
265	90.1092	90.5806
266	90.1092	90.4238
267	89.5184	90.1905
268	89.5184	89.9828
269	88.96	89.8219
270	87.8477	89.6315
271	87.4339	89.4342
272	87.4339	89.2405
273	87.1429	88.887
274	87.1009	88.4141
275	87.1009	87.9713
276	86.9302	87.5373
277	86.8882	87.1952
278	86.8882	87.0715
279	86.8882	87.0045
280	86.8882	86.9497
281	86.6759	86.9178
282	86.5181	86.8877
283	86.3058	86.8247
284	86.3058	86.742
285	86.0918	86.604
286	86.0918	86.4971
287	86.0505	86.3439
288	86.0505	86.2488
289	85.7378	86.212
290	85.6964	86.1321
291	85.6964	86.0168
292	85.5538	85.8829
293	85.5124	85.8007
294	85.5124	85.7448
295	85.1531	85.6757
296	85.1117	85.5721
297	85.1117	85.4464
298	85.1117	85.3216
299	85.1117	85.2312
300	85.1117	85.1541
301	85.1117	85.1173
302	82.6217	85.3358
303	82.6217	86.5512
304	82.6217	88.2842
305	82.6217	90.0398
306	82.6217	90.9239
307	82.6217	89.7815
308	82.6217	88.9838
309	82.605	87.7881
310	82.605	86.7797
311	82.507	84.8326
312	81.4753	83.7794
313	81.4586	82.7473
314	81.4586	82.3545
315	81.4586	82.0024
316	81.4586	81.765
317	81.1546	81.5581
318	81.1546	81.461
319	80.756	81.4267
320	80.0425	81.3117
321	80.0425	81.0775
322	80.0425	80.8296
323	80.0425	80.4837
324	80.0425	80.2773
325	79.8672	80.1481
326	79.8672	80.0308
327	79.8672	79.9913
328	79.8672	79.9383
329	79.728	79.9097
330	79.728	79.8847
331	79.728	79.8318
332	79.728	79.7965
333	79.728	79.767
334	79.728	79.7433
335	79.306	79.7069
336	79.306	79.6309
337	78.7346	79.5214
338	78.7346	79.3749
339	78.7346	79.1994
340	78.7346	78.9644
341	78.7346	78.871
342	78.4435	78.7378
343	78.4435	78.682
344	78.1462	78.6084
345	78.1462	78.5121
346	78.1462	78.4172
347	78.1462	78.328
348	78.0834	78.2157
349	77.907	78.1594
350	77.8443	78.1067
351	77.5608	78.0439
352	77.5608	77.9585
353	76.383	77.8277
354	76.3203	77.5576
355	76.1813	77.1437
356	76.1813	76.758
357	76.1813	76.3894
358	75.9075	76.281
359	75.2565	76.2029
360	75.2565	76.0633
361	75.2565	75.8414
362	75.2565	75.5805
363	75.2565	75.3597
364	75.249	75.2565
365	75.249	75.2561
366	75.249	75.2548
367	75.249	75.2528
368	75.249	75.2512
369	74.9233	75.2491
370	74.9158	75.2321
371	74.3983	75.1587
372	74.3983	75.0324
373	74.3983	74.8202
374	74.3983	74.6721
375	74.3983	74.5241
376	74.3983	74.4503
377	74.3983	74.4034
378	74.3983	74.3983
379	74.3983	74.3983
380	74.3983	74.3983
381	74.3726	74.3969
382	74.2963	74.3922
383	74.2963	74.3819
384	74.2963	74.3614
385	74.2963	74.3432
386	73.9891	74.298
387	73.9891	74.242
388	73.9891	74.1681
389	73.9891	74.085
390	73.9891	74.0364
391	73.9123	74.0004
392	73.8265	73.979
393	73.4489	73.9529
394	73.4489	73.8895
395	73.4489	73.7632
396	73.4489	73.6531
397	73.4489	73.5286
398	73.4489	73.4489
399	73.3046	73.4486
400	73.1164	73.4339
401	73.1164	73.3788
402	72.875	73.2799
403	72.6233	73.1925
404	72.6233	73.0966
405	72.479	72.9587
406	72.479	72.8545
407	72.479	72.7535
408	72.1553	72.6406
409	72.1553	72.5398
410	72.1461	72.4206
411	72.1461	72.3131
412	72.1461	72.2115
413	72.1362	72.1505
414	72.1362	72.1482
415	72.091	72.1451
416	72.1362	72.142
417	72.1362	72.1394
418	71.3259	72.1022
419	71.3259	71.9685
420	71.3259	71.7486
421	70.8832	71.5427
422	70.8832	71.3436
423	70.8832	71.2508
424	70.8832	71.1375
425	70.8832	71.0146
426	70.8832	70.9182
427	70.8832	70.8832
428	70.8832	70.8832
429	70.8832	70.8832
430	70.8832	70.8832
431	70.8832	70.8832
432	70.8832	70.8832
433	70.8832	70.8832
434	70.8832	70.8832
435	70.8832	70.8832
436	70.8832	70.8832
437	70.8832	70.8832
438	70.8832	70.8832
439	70.8832	70.8832
440	70.8832	70.8832
441	70.8832	70.8832
442	70.8832	70.8832
443	70.7386	70.8829
444	70.7386	70.8745
445	70.7386	70.8457
446	70.7386	70.803
447	70.7386	70.7614
448	70.7386	70.7388
449	70.7386	70.7386
450	70.7386	70.7386
451	70.7386	70.7386
452	70.7386	70.7386
453	70.7386	70.7386
454	70.7386	70.7386
455	70.7386	70.7386
456	70.7386	70.7386
457	70.7386	70.7386
458	70.7386	70.7386
459	70.7386	70.7386
460	70.7386	70.7386
461	70.7386	70.7386
462	70.7386	70.7386
463	70.7386	70.7386
464	70.7386	70.7386
465	70.7386	70.7386
466	70.6768	70.7363
467	70.6768	70.7259
468	70.6768	70.7138
469	70.6768	70.6962
470	70.6768	70.6798
471	70.6768	70.6768
472	70.6768	70.6768
473	70.1283	70.6657
474	70.1283	70.6166
475	70.1283	70.5077
476	70.1283	70.3556
477	70.1283	70.2302
478	70.1283	70.1304
479	70.1283	70.1283
480	70.1283	70.1283
481	70.1283	70.1283
482	70.1283	70.1283
483	70.1283	70.1283
484	70.1283	70.1283
485	70.1283	70.1283
486	70.1283	70.1283
487	70.1283	70.1283
488	70.1283	70.1283
489	70.1283	70.1283
490	70.1283	70.1283
491	70.1283	70.1283
492	70.1283	70.1283
493	70.1283	70.1283
494	70.1283	70.1283
495	70.1283	70.1283
496	70.1283	70.1283
497	70.1283	70.1283
498	70.1283	70.1283
499	70.1283	70.1283
500	70.1283	70.1283
501	70.1283	70.1283
502	70.1283	70.1283
503	70.1283	70.1283
504	70.1283	70.1283
505	70.1283	70.1283
506	70.1283	70.1283
507	70.1283	70.1283
508	70.1283	70.1283
509	70.1283	70.1283
510	70.1283	70.1283
511	70.1283	70.1283
512	70.1283	70.1283
513	70.1283	70.1283
514	70.1283	70.1283
515	70.1283	70.1283
516	70.1283	70.1283
517	70.1283	70.1283
518	70.1283	70.1283
519	70.1283	70.1283
520	70.1283	70.1283
521	70.1283	70.1283
522	70.1283	70.1283
523	70.1283	70.1283
524	70.1283	70.1283
525	70.1283	70.1283
526	70.1283	70.1283
527	70.1283	70.1283
528	70.1283	70.1283
529	70.1283	70.1283
530	70.1283	70.1283
531	70.1283	70.1283
532	70.1283	70.1283
533	70.1283	70.1283
534	70.1283	70.1283
535	70.1283	70.1283
536	70.1283	70.1283
537	70.1283	70.1283
538	70.1283	70.1283
539	70.1283	70.1283
540	70.1283	70.1283
541	70.1283	70.1283
542	70.1283	70.1283
543	70.1283	70.1283
544	70.1283	70.1283
545	70.1283	70.1283
546	70.1283	70.1283
547	70.1283	70.1283
548	70.1283	70.1283
549	70.1283	70.1283
550	70.1283	70.1283
551	70.1283	70.1283
552	70.1283	70.1283
553	70.1283	70.1283
554	70.1283	70.1283
555	70.1283	70.1283
556	70.1283	70.1283
557	70.1283	70.1283
558	70.1283	70.1283
559	70.1283	70.1283
560	70.1283	70.1283
561	70.1283	70.1283
562	70.1283	70.1283
563	70.1283	70.1283
564	70.1283	70.1283
565	70.1283	70.1283
566	70.1283	70.1283
567	70.1283	70.1283
568	70.1283	70.1283
569	70.1283	70.1283
570	70.1283	70.1283
571	70.1283	70.1283
572	70.1283	70.1283
573	70.1283	70.1283
574	70.1283	70.1283
575	70.1283	70.1283
576	70.1283	70.1283
577	70.1283	70.1283
578	70.1283	70.1283
579	70.1283	70.1283
580	70.1283	70.1283
581	70.1283	70.1283
582	70.1283	70.1283
583	70.1283	70.1283
584	69.924	70.1279
585	69.924	70.1177
586	69.924	70.0924
587	69.924	70.0372
588	69.924	69.9739
589	69.924	69.924
590	69.924	69.924
591	69.924	69.924
592	69.924	69.924
593	69.924	69.924
594	69.924	69.924
595	69.924	69.924
596	69.924	69.924
597	69.924	69.924
598	69.924	69.924
599	69.924	69.924
600	69.924	69.924
601	69.924	69.924
602	69.2731	69.9227
603	69.2731	69.8908
604	69.2731	69.7946
605	69.2731	69.6555
606	69.2731	69.507
607	69.2731	69.3607
608	69.2731	69.2879
609	69.2731	69.2731
610	69.2731	69.2731
611	69.2731	69.2731
612	69.2731	69.2731
613	69.2731	69.2731
614	69.2731	69.2731
615	69.2731	69.2731
616	69.2731	69.2731
617	69.2731	69.2731
618	69.2731	69.2731
619	69.2731	69.2731
620	69.2731	69.2731
621	69.2731	69.2731
622	69.2731	69.2731
623	69.2731	69.2731
624	69.2731	69.2731
625	69.2731	69.2731
626	68.8712	69.2506
627	68.8712	69.1622
628	68.8712	69.0489
629	68.8712	68.9073
630	68.8712	68.8712
631	68.8712	68.8712
632	68.8712	68.8712
633	68.8712	68.8712
634	68.8712	68.8712
635	68.8712	68.8712
636	68.8712	68.8712
637	68.8712	68.8712
638	68.8712	68.8712
639	68.8712	68.8712
640	68.8712	68.8712
641	68.8712	68.8712
642	68.8712	68.8712
643	68.8712	68.8712
644	68.8712	68.8712
645	68.8712	68.8712
646	68.8712	68.8712
647	68.8712	68.8712
648	68.8712	68.8712
649	68.8712	68.8712
650	68.8712	68.8712
651	68.8712	68.8712
652	68.8712	68.8712
653	68.8712	68.8712
654	68.8712	68.8712
655	68.8712	68.8712
656	68.8712	68.8712
657	68.8712	68.8712
658	68.8712	68.8712
659	68.8712	68.8712
660	68.8712	68.8712
661	68.8712	68.8712
662	68.8712	68.8712
663	68.8712	68.8712
664	68.8712	68.8712
665	68.8712	68.8712
666	68.8712	68.8712
667	68.8712	68.8712
668	68.8712	68.8712
669	68.8712	68.8712
670	68.8712	68.8712
671	68.8712	68.8712
672	68.8712	68.8712
673	68.845	68.8696
674	68.845	68.8635
675	68.845	68.8555
676	68.845	68.8482
677	68.845	68.845
678	68.845	68.845
679	68.845	68.845
680	68.845	68.845
681	68.845	68.845
682	68.845	68.845
683	68.845	68.845
684	68.845	68.845
685	68.845	68.845
686	68.845	68.845
687	68.845	68.845
688	68.845	68.845
689	68.845	68.845
690	68.845	68.845
691	68.845	68.845
692	68.845	68.845
693	68.845	68.845
694	68.845	68.845
695	68.845	68.845
696	68.845	68.845
697	68.845	68.845
698	68.845	68.845
699	68.845	68.845
700	68.845	68.845
701	68.845	68.845
702	68.845	68.845
703	68.845	68.845
704	68.845	68.845
705	68.845	68.845
706	68.845	68.845
707	68.845	68.845
708	68.845	68.845
709	68.845	68.845
710	68.845	68.845
711	68.845	68.845
712	68.845	68.845
713	68.845	68.845
714	68.845	68.845
715	68.845	68.845
716	68.845	68.845
717	68.845	68.845
718	68.845	68.845
719	68.845	68.845
720	68.845	68.845
721	68.845	68.845
722	68.845	68.845
723	68.845	68.845
724	68.845	68.845
725	68.845	68.845
726	68.845	68.845
727	68.845	68.845
728	68.845	68.845
729	68.845	68.845
730	68.845	68.845
731	68.845	68.845
732	68.845	68.845
733	68.845	68.845
734	68.845	68.845
735	68.845	68.845
736	68.845	68.845
737	68.845	68.845
738	68.845	68.845
739	68.845	68.845
740	68.845	68.845
741	68.845	68.845
742	68.503	68.8443
743	68.503	68.8272
744	68.503	68.7787
745	68.503	69.0151
746	68.503	69.0349
747	68.503	68.9327
748	68.503	68.7041
749	68.503	68.6605
750	68.503	68.503
751	68.503	68.503
752	68.503	68.503
753	68.503	68.503
754	68.503	68.503
755	68.503	68.503
756	68.503	68.503
757	68.503	68.503
758	68.503	68.503
759	68.503	68.503
760	68.503	68.503
761	68.503	68.503
762	68.503	68.503
763	68.503	68.503
764	68.503	68.503
765	68.503	68.503
766	67.9076	68.4815
767	67.9076	68.4137
768	67.9076	68.6766
769	67.9076	68.8677
770	67.9076	68.5101
771	67.9076	68.4104
772	67.9076	68.5184
773	67.9076	68.4065
774	67.9076	68.0594
775	67.9076	67.9076
776	67.9076	67.9076
777	67.9076	67.9076
778	67.9076	67.9076
779	67.9076	67.9076
780	67.9076	67.9076
781	67.9076	67.9076
782	67.9076	67.9076
783	67.9076	67.9076
784	67.9076	67.9076
785	67.9076	67.9076
786	67.9076	67.9076
787	67.9076	67.9076
788	67.9076	67.9076
789	67.9076	67.9076
790	67.9076	67.9076
791	67.544	67.8946
792	67.544	67.8384
793	67.544	67.746
794	67.544	67.6571
795	67.544	67.5801
796	67.544	67.5455
797	67.544	67.544
798	67.544	67.544
799	67.544	67.544
800	67.544	67.544
801	67.544	67.544
802	67.544	67.544
803	67.544	67.544
804	67.544	67.544
805	67.544	67.544
806	67.544	67.544
807	67.544	67.544
808	67.544	67.544
809	67.544	67.544
810	67.544	67.544
811	67.544	67.544
812	67.544	67.544
813	67.544	67.544
814	67.544	67.544
815	67.544	67.544
816	67.544	67.544
817	67.544	67.544
818	67.544	67.544
819	67.544	67.544
820	67.544	67.544
821	67.544	67.544
822	67.544	67.544
823	67.544	67.544
824	67.544	67.544
825	67.544	67.544
826	67.544	67.544
827	67.544	67.544
828	67.544	67.544
829	67.544	67.544
830	67.544	67.544
831	67.544	67.544
832	67.544	67.544
833	67.544	67.544
834	67.544	67.544
835	67.544	67.544
836	67.544	67.544
837	67.544	67.544
838	67.544	67.544
839	67.544	67.544
840	67.544	67.544
841	67.544	67.544
842	67.544	67.544
843	67.544	67.544
844	67.544	67.544
845	67.544	67.544
846	67.544	67.544
847	67.544	67.544
848	67.544	67.544
849	67.544	67.544
850	67.544	67.544
851	67.544	67.544
852	67.544	67.544
853	67.544	67.544
854	67.544	67.544
855	67.544	67.544
856	67.544	67.544
857	67.544	67.544
858	67.544	67.544
859	67.544	67.544
860	67.544	67.544
861	67.544	67.544
862	67.544	67.544
863	67.544	67.544
864	67.544	67.544
865	67.544	67.544
866	67.544	67.544
867	67.544	67.544
868	67.544	67.544
869	67.544	67.544
870	67.544	67.544
871	67.544	67.544
872	67.544	67.544
873	67.544	67.544
874	67.544	67.544
875	67.544	67.544
876	67.544	67.544
877	67.544	67.544
878	67.544	67.544
879	67.544	67.544
880	67.544	67.544
881	67.544	67.544
882	67.544	67.544
883	67.544	67.544
884	67.544	67.544
885	67.544	67.544
886	67.544	67.544
887	67.544	67.544
888	67.544	67.544
889	67.544	67.544
890	67.544	67.544
891	67.544	67.544
892	67.544	67.544
893	67.544	67.544
894	67.544	67.544
895	67.544	67.544
896	67.544	67.544
897	67.544	67.544
898	67.544	67.544
899	67.544	67.544
900	67.544	67.544
901	67.544	67.544
902	67.544	67.544
903	67.544	67.544
904	67.544	67.544
905	67.544	67.544
906	67.544	67.544
907	67.544	67.544
908	67.544	67.544
909	67.544	67.544
910	67.544	67.544
911	67.544	67.544
912	67.544	67.544
913	67.544	67.544
914	67.544	67.544
915	67.544	67.544
916	67.544	67.544
917	67.544	67.544
918	67.544	67.544
919	67.544	67.544
920	67.544	67.544
921	67.544	67.544
922	67.544	67.544
923	67.544	67.544
924	67.544	67.544
925	67.544	67.544
926	67.544	67.544
927	67.544	67.544
928	67.544	67.544
929	67.544	67.544
930	67.544	67.544
931	67.544	67.544
932	67.544	67.544
933	67.544	67.544
934	67.544	67.544
935	67.544	67.544
936	67.544	67.544
937	67.544	67.544
938	67.544	67.544
939	67.544	67.544
940	67.544	67.544
941	67.544	67.544
942	67.544	67.544
943	67.544	67.544
944	67.544	67.544
945	67.544	67.544
946	67.544	67.544
947	67.544	67.544
948	67.544	67.544
949	67.544	67.544
950	67.544	67.544
951	67.544	67.544
952	67.544	67.544
953	67.544	67.544
954	67.544	67.544
955	67.544	67.544
956	67.544	67.544
957	67.544	67.544
958	67.544	67.544
959	67.544	67.544
960	67.544	67.544
961	67.544	67.544
962	67.544	67.544
963	67.544	67.544
964	67.544	67.544
965	67.544	67.544
966	67.544	67.544
967	67.544	67.544
968	67.544	67.544
969	67.544	67.544
970	67.544	67.544
971	67.544	67.544
972	67.544	67.544
973	67.544	67.544
974	67.544	67.544
975	67.544	67.544
976	67.544	67.544
977	67.544	67.544
978	67.544	67.544
979	67.544	67.544
980	67.544	67.544
981	67.544	67.544
982	67.544	67.544
983	67.544	67.544
984	67.544	67.544
985	67.544	67.544
986	67.544	67.544
987	67.544	67.544
988	67.544	67.544
989	67.544	67.544
990	67.544	67.544
991	67.544	67.544
992	67.544	67.544
993	67.544	67.544
994	67.544	67.544
995	67.544	67.544
996	67.544	67.544
997	67.544	67.544
998	67.544	67.544
999	67.544	67.544
1000	67.544	67.544
1001	67.544	67.544
1002	67.3411	67.5423
1003	67.2957	67.5403
1004	67.0951	67.5883
1005	66.9048	67.6306
1006	66.9048	67.7085
1007	66.9048	67.5764
1008	66.9048	67.4501
1009	66.9048	67.2924
1010	66.9048	67.1547
1011	66.9048	66.9942
1012	66.9048	66.9148
1013	66.9048	66.9048
1014	66.9048	66.9048
1015	66.9048	66.9048
1016	66.9048	66.9048
1017	66.9048	66.9048
1018	66.9048	66.9048
1019	66.9048	66.9048
1020	66.9048	66.9048
1021	66.9048	66.9048
1022	66.9048	66.9048
1023	66.9048	66.9048
1024	66.9048	66.9048
1025	66.9048	66.9048
1026	66.9048	66.9048
1027	66.9048	66.9048
1028	66.9048	66.9048
1029	66.9048	66.9048
1030	66.9048	66.9048
1031	66.9048	66.9048
1032	66.9048	66.9048
1033	66.9048	66.9048
1034	66.9048	66.9048
1035	66.9048	66.9048
1036	66.9048	66.9048
1037	66.9048	66.9048
1038	66.9048	66.9048
1039	66.9048	66.9048
1040	66.9048	66.9048
1041	66.9048	66.9048
1042	66.9048	66.9048
1043	66.9048	66.9048
1044	66.9048	66.9048
1045	66.9048	66.9048
1046	66.9048	66.9048
1047	66.9048	66.9048
1048	66.9048	66.9048
1049	66.9048	66.9048
1050	66.9048	66.9048
1051	66.9048	66.9048
1052	66.9048	66.9048
1053	66.9048	66.9048
1054	66.9048	66.9048
1055	66.9048	66.9048
1056	66.9048	66.9048
1057	66.9048	66.9048
1058	66.9048	66.9048
1059	66.9048	66.9048
1060	66.9048	66.9048
1061	66.9048	66.9048
1062	66.9048	66.9048
1063	66.9048	66.9048
1064	66.9048	66.9048
1065	66.9048	66.9048
1066	66.9048	66.9048
1067	66.9048	66.9048
1068	66.9048	66.9048
1069	66.9048	66.9048
1070	66.9048	66.9048
1071	66.9048	66.9048
1072	66.9048	66.9048
1073	66.9048	66.9048
1074	66.9048	66.9048
1075	66.9048	66.9048
1076	66.9048	66.9048
1077	66.9048	66.9048
1078	66.9048	66.9048
1079	66.9048	66.9048
1080	66.9048	66.9048
1081	66.9048	66.9048
1082	66.9048	66.9048
1083	66.9048	66.9048
1084	66.9048	66.9048
1085	66.9048	66.9048
1086	66.9048	66.9048
1087	66.9048	66.9048
1088	66.9048	66.9048
1089	66.9048	66.9048
1090	66.9048	66.9048
1091	66.9048	66.9048
1092	66.9048	66.9048
1093	66.9048	66.9048
1094	66.9048	66.9048
1095	66.9048	66.9048
1096	66.9048	66.9048
1097	66.9048	66.9048
1098	66.9048	66.9048
1099	66.9048	66.9048
1100	66.9048	66.9048
1101	66.9048	66.9048
1102	66.9048	66.9048
1103	66.9048	66.9048
1104	66.9048	66.9048
1105	66.9048	66.9048
1106	66.9048	66.9048
1107	66.9048	66.9048
1108	66.9048	66.9048
1109	66.9048	66.9048
1110	66.9048	66.9048
1111	66.9048	66.9048
1112	66.9048	66.9048
1113	66.9048	66.9048
1114	66.9048	66.9048
1115	66.9048	66.9048
1116	66.9048	66.9048
1117	66.9048	66.9048
1118	66.9048	66.9048
1119	66.9048	66.9048
1120	66.9048	66.9048
1121	66.9048	66.9048
1122	66.9048	66.9048
1123	66.9048	66.9048
1124	66.9048	66.9048
1125	66.9048	66.9048
1126	66.9048	66.9048
1127	66.9048	66.9048
1128	66.9048	66.9048
1129	66.9048	66.9048
1130	66.9048	66.9048
1131	66.9048	66.9048
1132	66.9048	66.9048
1133	66.9048	66.9048
1134	66.9048	66.9048
1135	66.9048	66.9048
1136	66.9048	66.9048
1137	66.9048	66.9048
1138	66.9048	66.9048
1139	66.9048	66.9048
1140	66.9048	66.9048
1141	66.9048	66.9048
1142	66.9048	66.9048
1143	66.9048	66.9048
1144	66.9048	66.9048
1145	66.9048	66.9048
1146	66.9048	66.9048
1147	66.9048	66.9048
1148	66.9048	66.9048
1149	66.9048	66.9048
1150	66.9048	66.9048
1151	66.9048	66.9048
1152	66.9048	66.9048
1153	66.9048	66.9048
1154	66.9048	66.9048
1155	66.9048	66.9048
1156	66.9048	66.9048
1157	66.9048	66.9048
1158	66.9048	66.9048
1159	66.9048	66.9048
1160	66.9048	66.9048
1161	66.9048	66.9048
1162	66.9048	66.9048
1163	66.9048	66.9048
1164	66.9048	66.9048
1165	66.9048	66.9048
1166	66.9048	66.9048
1167	66.9048	66.9048
1168	66.9048	66.9048
1169	66.9048	66.9048
1170	66.9048	66.9048
1171	66.9048	66.9048
1172	66.9048	66.9048
1173	66.9048	66.9048
1174	66.9048	66.9048
1175	66.9048	66.9048
1176	66.9048	66.9048
1177	66.9048	66.9048
1178	66.9048	66.9048
1179	66.9048	66.9048
1180	66.9048	66.9048
1181	66.9048	66.9048
1182	66.9048	66.9048
1183	66.9048	66.9048
1184	66.9048	66.9048
1185	66.9048	66.9048
1186	66.9048	66.9048
1187	66.9048	66.9048
1188	66.9048	66.9048
1189	66.9048	66.9048
1190	66.9048	66.9048
1191	66.9048	66.9048
1192	66.9048	66.9048
1193	66.9048	66.9048
1194	66.9048	66.9048
1195	66.9048	66.9048
1196	66.9048	66.9048
1197	66.9048	66.9048
1198	66.9048	66.9048
1199	66.9048	66.9048
1200	66.9048	66.9048
1201	66.9048	66.9048
1202	66.6045	66.897
1203	66.6045	68.1582
1204	66.6045	69.2007
1205	66.6045	70.9529
1206	66.6045	71.8372
1207	66.6045	73.0063
1208	66.6045	72.1477
1209	66.6045	71.9681
1210	66.6045	69.9054
1211	66.6045	68.6995
1212	66.6045	67.4891
1213	66.6045	66.765
1214	66.6045	66.8183
1215	66.6045	66.6535
1216	66.6045	66.6094
1217	66.6045	66.6045
1218	66.6045	66.6045
1219	66.6045	66.6045
1220	66.6045	66.6045
1221	66.6045	66.6045
1222	66.6045	66.6045
1223	66.6045	66.6045
1224	66.6045	66.6045
1225	66.6045	66.6045
1226	66.6045	66.6045
1227	66.6045	66.6045
1228	66.6045	66.6045
1229	66.6045	66.6045
1230	66.6045	66.6045
1231	66.6045	66.6045
1232	66.6045	66.6045
1233	66.6045	66.6045
1234	66.6045	66.6045
1235	66.6045	66.6045
1236	66.6045	66.6045
1237	66.6045	66.6045
1238	66.6045	66.6045
1239	66.6045	66.6045
1240	66.6045	66.6045
1241	66.6045	66.6045
1242	66.6045	66.6045
1243	66.6045	66.6045
1244	66.6045	66.6045
1245	66.6045	66.6045
1246	66.6045	66.6045
1247	66.6045	66.6045
1248	66.6045	66.6045
1249	66.6045	66.6045
1250	66.6045	66.6045
1251	66.6045	66.6045
1252	66.6045	66.6045
1253	66.6045	66.6045
1254	66.6045	66.6045
1255	66.6045	66.6045
1256	66.6045	66.6045
1257	66.6045	66.6045
1258	66.6045	66.6045
1259	66.6045	66.6045
1260	66.6045	66.6045
1261	66.6045	66.6045
1262	66.6045	66.6045
1263	66.6045	66.6045
1264	66.6045	66.6045
1265	66.6045	66.6045
1266	66.6045	66.6045
1267	66.6045	66.6045
1268	66.6045	66.6045
1269	66.6045	66.6045
1270	66.6045	66.6045
1271	66.6045	66.6045
1272	66.6045	66.6045
1273	66.6045	66.6045
1274	66.6045	66.6045
1275	66.6045	66.6045
1276	66.6045	66.6045
1277	66.6045	66.6045
1278	66.6045	66.6045
1279	66.6045	66.6045
1280	66.6045	66.6045
1281	66.6045	66.6045
1282	66.6045	66.6045
1283	66.6045	66.6045
1284	66.6045	66.6045
1285	66.6045	66.6045
1286	66.6045	66.6045
1287	66.6045	66.6045
1288	66.6045	66.6045
1289	66.6045	66.6045
1290	66.6045	66.6045
1291	66.6045	66.6045
1292	66.6045	66.6045
1293	66.6045	66.6045
1294	66.6045	66.6045
1295	66.6045	66.6045
1296	66.6045	66.6045
1297	66.6045	66.6045
1298	66.6045	66.6045
1299	66.6045	66.6045
1300	66.6045	66.6045
1301	66.6045	66.6045
1302	66.3721	66.592
1303	66.3721	68.2323
1304	66.3721	70.0315
1305	66.3721	72.5189
1306	66.3721	73.2778
1307	66.3721	75.1137
1308	66.3721	74.1766
1309	66.3721	73.7532
1310	66.3721	72.4567
1311	66.3721	70.3606
1312	66.3721	68.7716
1313	66.3721	66.8873
1314	66.3721	66.3902
1315	66.3721	66.3805
1316	66.3721	66.3721
1317	66.3721	66.3721
1318	66.3721	66.3721
1319	66.3721	66.3721
1320	66.3721	66.3721
1321	66.3721	66.3721
1322	66.3721	66.3721
1323	66.3721	66.3721
1324	66.3721	66.3721
1325	66.3721	66.3721
1326	66.3721	66.3721
1327	66.3721	66.3721
1328	66.3721	66.3721
1329	66.3721	66.3721
1330	66.3721	66.3721
1331	66.3721	66.3721
1332	66.3721	66.3721
1333	66.3721	66.3721
1334	66.3721	66.3721
1335	66.3721	66.3721
1336	66.3721	66.3721
1337	66.3721	66.3721
1338	66.3721	66.3721
1339	66.3721	66.3721
1340	66.3721	66.3721
1341	66.3721	66.3721
1342	66.3721	66.3721
1343	66.3721	66.3721
1344	66.3721	66.3721
1345	66.3721	66.3721
1346	66.3721	66.3721
1347	66.3721	66.3721
1348	66.3721	66.3721
1349	66.3721	66.3721
1350	66.3721	66.3721
1351	66.3721	66.3721
1352	66.3721	66.3721
1353	66.3721	66.3721
1354	66.3721	66.3721
1355	66.3721	66.3721
1356	66.3721	66.3721
1357	66.3721	66.3721
1358	66.3721	66.3721
1359	66.3721	66.3721
1360	66.3721	66.3721
1361	66.3721	66.3721
1362	66.3721	66.3721
1363	66.3721	66.3721
1364	66.3721	66.3721
1365	66.3721	66.3721
1366	66.3721	66.3721
1367	66.3721	66.3721
1368	66.3721	66.3721
1369	66.3721	66.3721
1370	66.3721	66.3721
1371	66.3721	66.3721
1372	66.3721	66.3721
1373	66.3721	66.3721
1374	66.3721	66.3721
1375	66.3721	66.3721
1376	66.3721	66.3721
1377	66.3721	66.3721
1378	66.3721	66.3721
1379	66.3721	66.3721
1380	66.3721	66.3721
1381	66.3721	66.3721
1382	66.3721	66.3721
1383	66.3721	66.3721
1384	66.3721	66.3721
1385	66.3721	66.3721
1386	66.3721	66.3721
1387	66.3721	66.3721
1388	66.3721	66.3721
1389	66.3721	66.3721
1390	66.3721	66.3721
1391	66.3721	66.3721
1392	66.3721	66.3721
1393	66.3721	66.3721
1394	66.3721	66.3721
1395	66.3721	66.3721
1396	66.3721	66.3721
1397	66.3721	66.3721
1398	66.3721	66.3721
1399	66.3721	66.3721
1400	66.3721	66.3721
1401	66.3721	66.3721
1402	66.3721	66.3721
1403	66.3721	66.3721
1404	66.3721	66.3721
1405	66.3721	66.3721
1406	66.3721	66.3721
1407	66.3721	66.3721
1408	66.3721	66.3721
1409	66.3721	66.3721
1410	66.3721	66.3721
1411	66.3721	66.3721
1412	66.3721	66.3721
1413	66.3721	66.3721
1414	66.3721	66.3721
1415	66.3721	66.3721
1416	66.3721	66.3721
1417	66.3721	66.3721
1418	66.3721	66.3721
1419	66.3721	66.3721
1420	66.3721	66.3721
1421	66.3721	66.3721
1422	66.3721	66.3721
1423	66.3721	66.3721
1424	66.3721	66.3721
1425	66.3721	66.3721
1426	66.3721	66.3721
1427	66.3721	66.3721
1428	66.3721	66.3721
1429	66.3721	66.3721
1430	66.3721	66.3721
1431	66.3721	66.3721
1432	66.3721	66.3721
1433	66.3721	66.3721
1434	66.3721	66.3721
1435	66.3721	66.3721
1436	66.3721	66.3721
1437	66.3721	66.3721
1438	66.3721	66.3721
1439	66.3721	66.3721
1440	66.3721	66.3721
1441	66.3721	66.3721
1442	66.3721	66.3721
1443	66.3721	66.3721
1444	66.3721	66.3721
1445	66.3721	66.3721
1446	66.3721	66.3721
1447	66.3721	66.3721
1448	66.3721	66.3721
1449	66.2077	66.3718
1450	66.2077	66.3629
1451	66.2077	66.3274
1452	66.2077	66.283
1453	66.2077	66.2344
1454	66.2077	66.2143
1455	66.2077	66.2077
1456	66.2077	66.2077
1457	66.2077	66.2077
1458	66.2077	66.2077
1459	66.2077	66.2077
1460	66.2077	66.2077
1461	66.2077	66.2077
1462	66.2077	66.2077
1463	66.2077	66.2077
1464	66.2077	66.2077
1465	66.2077	66.2077
1466	66.2077	66.2077
1467	66.2077	66.2077
1468	66.2077	66.2077
1469	66.2077	66.2077
1470	66.2077	66.2077
1471	66.2077	66.2077
1472	66.2077	66.2077
1473	66.2077	66.2077
1474	66.2077	66.2077
1475	66.2077	66.2077
1476	66.2077	66.2077
1477	66.2077	66.2077
1478	66.2077	66.2077
1479	66.2077	66.2077
1480	66.2077	66.2077
1481	66.2077	66.2077
1482	66.2077	66.2077
1483	66.2077	66.2077
1484	66.2077	66.2077
1485	66.2077	66.2077
1486	66.2077	66.2077
1487	66.2077	66.2077
1488	66.2077	66.2077
1489	66.2077	66.2077
1490	66.2077	66.2077
1491	66.2077	66.2077
1492	66.2077	66.2077
1493	66.2077	66.2077
1494	66.2077	66.2077
1495	66.2077	66.2077
1496	66.2077	66.2077
1497	66.2077	66.2077
1498	66.2077	66.2077
1499	66.2077	66.2077
1500	66.2077	66.2077
1501	66.2077	66.2077
1502	66.2077	66.2077
1503	66.2077	66.2077
1504	66.2077	66.2077
1505	66.2077	66.2077
1506	66.2077	66.2077
1507	66.2077	66.2077
1508	66.2077	66.2077
1509	66.2077	66.2077
1510	66.2077	66.2077
1511	66.2077	66.2077
1512	66.2077	66.2077
1513	66.2077	66.2077
1514	66.2077	66.2077
1515	66.2077	66.2077
1516	66.2077	66.2077
1517	66.2077	66.2077
1518	66.2077	66.2077
1519	66.2077	66.2077
1520	66.2077	66.2077
1521	66.2077	66.2077
1522	66.2077	66.2077
1523	66.2077	66.2077
1524	66.2077	66.2077
1525	66.2077	66.2077
1526	66.2077	66.2077
1527	66.2077	66.2077
1528	66.2077	66.2077
1529	66.2077	66.2077
1530	66.2077	66.2077
1531	66.2077	66.2077
1532	66.2077	66.2077
1533	66.2077	66.2077
1534	66.2077	66.2077
1535	66.2077	66.2077
1536	66.2077	66.2077
1537	66.2077	66.2077
1538	66.2077	66.2077
1539	66.2077	66.2077
1540	66.2077	66.2077
1541	66.2077	66.2077
1542	66.2077	66.2077
1543	66.2077	66.2077
1544	66.2077	66.2077
1545	66.2077	66.2077
1546	66.2077	66.2077
1547	66.2077	66.2077
1548	66.2077	66.2077
1549	66.2077	66.2077
1550	66.2077	66.2077
1551	66.2077	66.2077
1552	66.2077	66.2077
1553	66.2077	66.2077
1554	66.2077	66.2077
1555	66.2077	66.2077
1556	66.2077	66.2077
1557	66.2077	66.2077
1558	66.2077	66.2077
1559	66.2077	66.2077
1560	66.2077	66.2077
1561	66.2077	66.2077
1562	66.2077	66.2077
1563	66.2077	66.2077
1564	66.2077	66.2077
1565	66.2077	66.2077
1566	66.2077	66.2077
1567	66.2077	66.2077
1568	66.2077	66.2077
1569	66.2077	66.2077
1570	66.2077	66.2077
1571	66.2077	66.2077
1572	66.2077	66.2077
1573	66.2077	66.2077
1574	66.2077	66.2077
1575	66.2077	66.2077
1576	66.2077	66.2077
1577	66.2077	66.2077
1578	66.2077	66.2077
1579	66.2077	66.2077
1580	66.2077	66.2077
1581	66.2077	66.2077
1582	66.2077	66.2077
1583	66.2077	66.2077
1584	66.2077	66.2077
1585	66.2077	66.2077
1586	66.2077	66.2077
1587	66.2077	66.2077
1588	66.2077	66.2077
1589	66.2077	66.2077
1590	66.2077	66.2077
1591	66.2077	66.2077
1592	66.2077	66.2077
1593	66.2077	66.2077
1594	66.2077	66.2077
1595	66.2077	66.2077
1596	66.2077	66.2077
1597	66.2077	66.2077
1598	66.2077	66.2077
1599	66.2077	66.2077
1600	66.2077	66.2077
1601	66.2077	66.2077
1602	66.2077	66.2077
1603	66.2077	66.2077
1604	66.2077	66.2077
1605	66.2077	66.2077
1606	66.2077	66.2077
1607	66.2077	66.2077
1608	66.2077	66.2077
1609	66.2077	66.2077
1610	66.2077	66.2077
1611	66.2077	66.2077
1612	66.2077	66.2077
1613	66.2077	66.2077
1614	66.2077	66.2077
1615	66.2077	66.2077
1616	66.2077	66.2077
1617	66.2077	66.2077
1618	66.2077	66.2077
1619	66.2077	66.2077
1620	66.2077	66.2077
1621	66.2077	66.2077
1622	66.2077	66.2077
1623	66.2077	66.2077
1624	66.2077	66.2077
1625	66.2077	66.2077
1626	66.2077	66.2077
1627	66.2077	66.2077
1628	66.2077	66.2077
1629	66.2077	66.2077
1630	66.2077	66.2077
1631	66.2077	66.2077
1632	66.2077	66.2077
1633	66.2077	66.2077
1634	66.2077	66.2077
1635	66.2077	66.2077
1636	66.2077	66.2077
1637	66.2077	66.2077
1638	66.2077	66.2077
1639	66.2077	66.2077
1640	66.2077	66.2077
1641	66.2077	66.2077
1642	66.2077	66.2077
1643	66.2077	66.2077
1644	66.2077	66.2077
1645	66.2077	66.2077
1646	66.2077	66.2077
1647	66.2077	66.2077
1648	66.2077	66.2077
1649	66.2077	66.2077
1650	66.2077	66.2077
1651	66.2077	66.2077
1652	66.2077	66.2077
1653	66.2077	66.2077
1654	66.2077	66.2077
1655	66.2077	66.2077
1656	66.2077	66.2077
1657	66.2077	66.2077
1658	66.2077	66.2077
1659	66.2077	66.2077
1660	66.2077	66.2077
1661	66.2077	66.2077
1662	66.2077	66.2077
1663	66.2077	66.2077
1664	66.2077	66.2077
1665	66.2077	66.2077
1666	66.2077	66.2077
1667	66.2077	66.2077
1668	66.2077	66.2077
1669	66.2077	66.2077
1670	66.2077	66.2077
1671	66.2077	66.2077
1672	66.2077	66.2077
1673	66.2077	66.2077
1674	66.2077	66.2077
1675	66.2077	66.2077
1676	66.2077	66.2077
1677	66.2077	66.2077
1678	66.2077	66.2077
1679	66.2077	66.2077
1680	66.2077	66.2077
1681	66.2077	66.2077
1682	66.2077	66.2077
1683	66.2077	66.2077
1684	66.2077	66.2077
1685	66.2077	66.2077
1686	66.2077	66.2077
1687	66.2077	66.2077
1688	66.2077	66.2077
1689	66.2077	66.2077
1690	66.2077	66.2077
1691	66.2077	66.2077
1692	66.2077	66.2077
1693	66.2077	66.2077
1694	66.2077	66.2077
1695	66.2077	66.2077
1696	66.2077	66.2077
1697	66.2077	66.2077
1698	66.2077	66.2077
1699	66.2077	66.2077
1700	66.2077	66.2077
1701	66.2077	66.2077
1702	66.2077	66.2077
1703	66.2077	66.2077
1704	66.2077	66.2077
1705	66.2077	66.2077
1706	66.2077	66.2077
1707	66.2077	66.2077
1708	66.2077	66.2077
1709	66.2077	66.2077
1710	66.2077	66.2077
1711	66.2077	66.2077
1712	66.2077	66.2077
1713	66.2077	66.2077
1714	66.2077	66.2077
1715	66.2077	66.2077
1716	66.2077	66.2077
1717	66.2077	66.2077
1718	66.2077	66.2077
1719	66.2077	66.2077
1720	66.2077	66.2077
1721	66.2077	66.2077
1722	66.2077	66.2077
1723	66.2077	66.2077
1724	66.2077	66.2077
1725	66.2077	66.2077
1726	66.2077	66.2077
1727	66.2077	66.2077
1728	66.2077	66.2077
1729	66.2077	66.2077
1730	66.2077	66.2077
1731	66.2077	66.2077
1732	66.2077	66.2077
1733	66.2077	66.2077
1734	66.2077	66.2077
1735	66.2077	66.2077
1736	66.2077	66.2077
1737	66.2077	66.2077
1738	66.2077	66.2077
1739	66.2077	66.2077
1740	66.2077	66.2077
1741	66.2077	66.2077
1742	66.2077	66.2077
1743	66.2077	66.2077
1744	66.2077	66.2077
1745	66.2077	66.2077
1746	66.2077	66.2077
1747	66.2077	66.2077
1748	66.2077	66.2077
1749	66.2077	66.2077
1750	66.2077	66.2077
1751	66.2077	66.2077
1752	66.2077	66.2077
1753	66.2077	66.2077
1754	66.2077	66.2077
1755	66.2077	66.2077
1756	66.2077	66.2077
1757	66.2077	66.2077
1758	66.2077	66.2077
1759	66.2077	66.2077
1760	66.2077	66.2077
1761	66.2077	66.2077
1762	66.2077	66.2077
1763	66.2077	66.2077
1764	66.2077	66.2077
1765	66.2077	66.2077
1766	66.2077	66.2077
1767	66.2077	66.2077
1768	66.2077	66.2077
1769	66.2077	66.2077
1770	66.2077	66.2077
1771	66.2077	66.2077
1772	66.2077	66.2077
1773	66.2077	66.2077
1774	66.2077	66.2077
1775	66.2077	66.2077
1776	66.2077	66.2077
1777	66.2077	66.2077
1778	66.2077	66.2077
1779	66.2077	66.2077
1780	66.2077	66.2077
1781	66.2077	66.2077
1782	66.2077	66.2077
1783	66.2077	66.2077
1784	66.2077	66.2077
1785	66.2077	66.2077
1786	66.2077	66.2077
1787	66.2077	66.2077
1788	66.2077	66.2077
1789	66.2077	66.2077
1790	66.2077	66.2077
1791	66.2077	66.2077
1792	66.2077	66.2077
1793	66.2077	66.2077
1794	66.2077	66.2077
1795	66.2077	66.2077
1796	66.2077	66.2077
1797	66.2077	66.2077
1798	66.2077	66.2077
1799	66.2077	66.2077
1800	66.2077	66.2077
1801	66.2077	66.2077
1802	66.2077	66.2077
1803	66.2077	66.2077
1804	66.2077	66.2077
1805	66.2077	66.2077
1806	66.2077	66.2077
1807	66.2077	66.2077
1808	66.2077	66.2077
1809	66.2077	66.2077
1810	66.2077	66.2077
1811	66.2077	66.2077
1812	66.2077	66.2077
1813	66.2077	66.2077
1814	66.2077	66.2077
1815	66.2077	66.2077
1816	66.2077	66.2077
1817	66.2077	66.2077
1818	66.2077	66.2077
1819	66.2077	66.2077
1820	66.2077	66.2077
1821	66.2077	66.2077
1822	66.2077	66.2077
1823	66.2077	66.2077
1824	66.2077	66.2077
1825	66.2077	66.2077
1826	66.2077	66.2077
1827	66.2077	66.2077
1828	66.2077	66.2077
1829	66.2077	66.2077
1830	66.2077	66.2077
1831	66.2077	66.2077
1832	66.2077	66.2077
1833	66.2077	66.2077
1834	66.2077	66.2077
1835	66.2077	66.2077
1836	66.1763	66.2077
1837	66.1763	66.206
1838	66.0065	66.2005
1839	66.0065	66.1832
1840	66.0065	66.1396
1841	66.0065	66.0821
1842	66.0065	66.0476
1843	66.0065	66.0126
1844	66.0065	66.0065
1845	66.0065	66.0065
1846	66.0065	66.0065
1847	66.0065	66.0065
1848	66.0065	66.0065
1849	66.0065	66.0065
1850	66.0065	66.0065
1851	66.0065	66.0065
1852	66.0065	66.0065
1853	66.0065	66.0065
1854	66.0065	66.0065
1855	66.0065	66.0065
1856	66.0065	66.0065
1857	66.0065	66.0065
1858	66.0065	66.0065
1859	66.0065	66.0065
1860	66.0065	66.0065
1861	66.0065	66.0065
1862	66.0065	66.0065
1863	66.0065	66.0065
1864	66.0065	66.0065
1865	66.0065	66.0065
1866	66.0065	66.0065
1867	66.0065	66.0065
1868	66.0065	66.0065
1869	66.0065	66.0065
1870	66.0065	66.0065
1871	66.0065	66.0065
1872	66.0065	66.0065
1873	66.0065	66.0065
1874	66.0065	66.0065
1875	66.0065	66.0065
1876	66.0065	66.0065
1877	66.0065	66.0065
1878	66.0065	66.0065
1879	66.0065	66.0065
1880	66.0065	66.0065
1881	66.0065	66.0065
1882	66.0065	66.0065
1883	66.0065	66.0065
1884	66.0065	66.0065
1885	66.0065	66.0065
1886	66.0065	66.0065
1887	66.0065	66.0065
1888	66.0065	66.0065
1889	66.0065	66.0065
1890	66.0065	66.0065
1891	66.0065	66.0065
1892	66.0065	66.0065
1893	66.0065	66.0065
1894	66.0065	66.0065
1895	66.0065	66.0065
1896	66.0065	66.0065
1897	66.0065	66.0065
1898	66.0065	66.0065
1899	66.0065	66.0065
1900	66.0065	66.0065
1901	66.0065	66.0065
1902	65.418	65.9638
1903	65.418	65.8761
1904	65.418	65.7512
1905	65.418	65.621
1906	65.418	65.5144
1907	65.418	65.4647
1908	65.418	65.4248
1909	65.418	65.4196
1910	65.418	65.418
1911	65.418	65.418
1912	65.418	65.418
1913	65.418	65.418
1914	65.418	65.418
1915	65.418	65.418
1916	65.418	65.418
1917	65.418	65.418
1918	65.418	65.418
1919	65.418	65.418
1920	65.418	65.418
1921	65.418	65.418
1922	65.418	65.418
1923	65.418	65.418
1924	65.418	65.418
1925	65.418	65.418
1926	65.418	65.418
1927	65.418	65.418
1928	65.418	65.418
1929	65.418	65.418
1930	65.418	65.418
1931	65.418	65.418
1932	65.418	65.418
1933	65.418	65.418
1934	65.418	65.418
1935	65.418	65.418
1936	65.418	65.418
1937	65.418	65.418
1938	65.418	65.418
1939	65.418	65.418
1940	65.418	65.418
1941	65.418	65.418
1942	65.418	65.418
1943	65.418	65.418
1944	65.418	65.418
1945	65.418	65.418
1946	65.418	65.418
1947	65.418	65.418
1948	65.418	65.418
1949	65.418	65.418
1950	65.418	65.418
1951	65.418	65.418
1952	65.418	65.418
1953	65.418	65.418
1954	65.418	65.418
1955	65.418	65.418
1956	65.418	65.418
1957	65.418	65.418
1958	65.418	65.418
1959	65.418	65.418
1960	65.418	65.418
1961	65.418	65.418
1962	65.418	65.418
1963	65.418	65.418
1964	65.418	65.418
1965	65.418	65.418
1966	65.418	65.418
1967	65.418	65.418
1968	65.418	65.418
1969	65.418	65.418
1970	65.418	65.418
1971	65.418	65.418
1972	65.418	65.418
1973	65.418	65.418
1974	65.418	65.418
1975	65.418	65.418
1976	65.418	65.418
1977	65.418	65.418
1978	65.418	65.418
1979	65.418	65.418
1980	65.418	65.418
1981	65.418	65.418
1982	65.418	65.418
1983	65.418	65.418
1984	65.418	65.418
1985	65.418	65.418
1986	65.418	65.418
1987	65.418	65.418
1988	65.418	65.418
1989	65.418	65.418
1990	65.418	65.418
1991	65.418	65.418
1992	65.418	65.418
1993	65.418	65.418
1994	65.418	65.418
1995	65.418	65.418
1996	65.418	65.418
1997	65.418	65.418
1998	65.418	65.418
1999	65.418	65.418
2000	65.418	65.418
