# VELOCITY:     AVE_POFV:        ERROR:
   0.0942809  0.00031918  0.00031918           0
    0.282843  0.00707107  0.00707107           0
    0.471405   0.0304203   0.0304203           0
    0.659966    0.109896    0.109896           0
    0.848528    0.331505    0.331505           0
     1.03709    0.468335    0.468335           0
     1.22565    0.665589    0.665589           0
     1.41421    0.480734    0.480734           0
     1.60278    0.341007    0.341007           0
     1.79134    0.485522    0.485522           0
      1.9799    0.547541    0.547541           0
     2.16846      0.4826      0.4826           0
     2.35702    0.318566    0.318566           0
     2.54558      0.2564      0.2564           0
     2.73415    0.195117    0.195117           0
     2.92271    0.181491    0.181491           0
     3.11127    0.101597    0.101597           0
     3.29983   0.0743935   0.0743935           0
     3.48839   0.0542852   0.0542852           0
     3.67696   0.0617245   0.0617245           0
     3.86552   0.0310587   0.0310587           0
     4.05408   0.0147068   0.0147068           0
     4.24264    0.038007    0.038007           0
      4.4312   0.0167447   0.0167447           0
     4.61976  0.00783219  0.00783219           0
     4.80833 0.000834779 0.000834779           0
     4.99689           0           0           0
     5.18545           0           0           0
     5.37401           0           0           0
     5.56257           0           0           0


   0.0942809   0.0107048    0.005512  0.00367187
    0.282843   0.0900825   0.0485768    0.029349
    0.471405    0.134694   0.0825572   0.0368663
    0.659966    0.205994    0.157945   0.0339757
    0.848528    0.371452    0.351479   0.0141233
     1.03709    0.348103    0.408219   0.0425087
     1.22565    0.399835    0.532712   0.0939583
     1.41421    0.548916    0.514825   0.0241059
     1.60278    0.382476    0.361742   0.0146615
     1.79134    0.416064    0.450793   0.0245573
      1.9799    0.597186    0.572364   0.0175521
     2.16846    0.370151    0.426376   0.0397569
     2.35702    0.217755     0.26816   0.0356424
     2.54558    0.356033    0.306217   0.0352257
     2.73415    0.270542     0.23283   0.0266667
     2.92271    0.220406    0.200948   0.0137587
     3.11127     0.11407    0.107834  0.00440972
     3.29983   0.0874308   0.0809122  0.00460938
     3.48839    0.062191   0.0582381  0.00279514
     3.67696   0.0603005   0.0610125 0.000503472
     3.86552   0.0233247   0.0271917  0.00273437
     4.05408   0.0132583   0.0139825 0.000512153
     4.24264  0.00233247   0.0201697   0.0126128
      4.4312           0  0.00837234  0.00592014
     4.61976           0  0.00391609   0.0027691
     4.80833           0 0.000417389 0.000295139
     4.99689           0           0           0
     5.18545           0           0           0
     5.37401           0           0           0
     5.56257           0           0           0


   0.0942809  0.00353553  0.00485318  0.00250632
    0.282843   0.0216306   0.0395947   0.0208953
    0.471405   0.0857121   0.0836088   0.0245925
    0.659966    0.252815    0.189568   0.0343473
    0.848528    0.303958    0.335638   0.0159978
     1.03709    0.374742     0.39706   0.0297678
     1.22565    0.559155    0.541526    0.063051
     1.41421    0.464972    0.498207   0.0210325
     1.60278    0.430378     0.38462    0.021083
     1.79134    0.503445    0.468344   0.0217573
      1.9799    0.421342    0.522023    0.042736
     2.16846    0.451075    0.434609   0.0273438
     2.35702    0.280879      0.2724   0.0240124
     2.54558    0.333347     0.31526   0.0246173
     2.73415    0.336048    0.267236    0.033245
     2.92271    0.169509    0.190469   0.0125439
     3.11127    0.095263    0.103644  0.00451088
     3.29983   0.0702442   0.0773562  0.00422763
     3.48839   0.0659966   0.0608243  0.00281624
     3.67696   0.0645235   0.0621828   0.0010128
     3.86552   0.0147314   0.0230383  0.00385016
     4.05408           0   0.0093217  0.00382085
     4.24264           0   0.0134465   0.0100418
      4.4312           0  0.00558156  0.00455733
     4.61976           0  0.00261073  0.00213165
     4.80833           0  0.00027826 0.000227198
     4.99689           0           0           0
     5.18545           0           0           0
     5.37401           0           0           0
     5.56257           0           0           0


   0.0942809  0.00392837  0.00462197  0.00189038
    0.282843   0.0151242   0.0334771   0.0165428
    0.471405    0.101966   0.0881981   0.0188677
    0.659966    0.167766    0.184118   0.0261894
    0.848528    0.324999    0.332979   0.0122175
     1.03709    0.451664    0.410711   0.0252628
     1.22565    0.494385    0.529741   0.0483771
     1.41421    0.479359    0.493495   0.0162936
     1.60278    0.424559    0.394605   0.0180221
     1.79134    0.375675    0.445177   0.0258615
      1.9799    0.371771     0.48446    0.045668
     2.16846    0.428585    0.433103   0.0205493
     2.35702    0.379996    0.299299    0.029445
     2.54558    0.289889    0.308917   0.0192627
     2.73415    0.345058    0.286691   0.0300929
     2.92271     0.23256    0.200991   0.0130979
     3.11127   0.0881674   0.0997745   0.0047616
     3.29983    0.146823   0.0947228   0.0153706
     3.48839   0.0697286   0.0630504   0.0028597
     3.67696   0.0793776   0.0664815  0.00379949
     3.86552   0.0163273   0.0213605  0.00323256
     4.05408  0.00977182  0.00943423   0.0028673
     4.24264  0.00464039    0.011245  0.00776896
      4.4312  0.00117851   0.0044808  0.00354844
     4.61976           0  0.00195805  0.00169572
     4.80833           0 0.000208695 0.000180735
     4.99689           0           0           0
     5.18545           0           0           0
     5.37401           0           0           0
     5.56257           0           0           0


   0.0942809 0.000613808  0.00382034  0.00167366
    0.282843   0.0374177   0.0342652    0.013253
    0.471405    0.118539   0.0942662   0.0160403
    0.659966    0.220038    0.191302   0.0219147
    0.848528    0.317707    0.329924   0.0101486
     1.03709    0.415082    0.411585   0.0202253
     1.22565    0.472534    0.518299   0.0400318
     1.41421    0.595271    0.513851   0.0223914
     1.60278    0.500548    0.415794   0.0238125
     1.79134    0.477739    0.451689   0.0214935
      1.9799    0.356672    0.458902   0.0430966
     2.16846    0.295782    0.405639   0.0295581
     2.35702    0.215815    0.282602    0.027891
     2.54558    0.205675    0.288269   0.0240533
     2.73415    0.283579    0.286069   0.0240808
     2.92271    0.166219    0.194037   0.0121855
     3.11127    0.173094    0.114438   0.0136577
     3.29983    0.262661     0.12831   0.0324608
     3.48839    0.123965   0.0752332   0.0111342
     3.67696   0.0496448   0.0631142  0.00427906
     3.86552  0.00903525   0.0188955  0.00339836
     4.05408  0.00567159   0.0086817  0.00239055
     4.24264           0  0.00899597  0.00653259
      4.4312           0  0.00358464  0.00294975
     4.61976           0  0.00156644  0.00140106
     4.80833           0 0.000166956  0.00014933
     4.99689           0           0           0
     5.18545           0           0           0
     5.37401           0           0           0
     5.56257           0           0           0


   0.0942809   0.0103365  0.00490637  0.00171118
    0.282843   0.0892722   0.0434331   0.0138569
    0.471405    0.118809   0.0983566   0.0138787
    0.659966    0.257407    0.202319   0.0208486
    0.848528    0.282573    0.322032   0.0111097
     1.03709    0.416211    0.412356   0.0168691
     1.22565    0.515623    0.517853   0.0333623
     1.41421     0.48098    0.508372    0.019318
     1.60278    0.426646    0.417602   0.0199124
     1.79134    0.464972    0.453903   0.0180249
      1.9799    0.404058    0.449762   0.0368705
     2.16846    0.322298    0.391749   0.0277038
     2.35702    0.334501    0.291252   0.0245472
     2.54558     0.17329    0.269106   0.0266045
     2.73415    0.188144    0.269748   0.0249934
     2.92271       0.218    0.198031   0.0107893
     3.11127     0.12561      0.1163   0.0115077
     3.29983    0.292173    0.155621    0.036787
     3.48839   0.0922185   0.0780641   0.0096317
     3.67696   0.0533276   0.0614831  0.00386427
     3.86552   0.0181687   0.0187743  0.00283412
     4.05408  0.00522964  0.00810636   0.0020602
     4.24264  0.00252889  0.00791812  0.00553203
      4.4312  0.00331456  0.00353963  0.00245847
     4.61976   0.0037074  0.00192326  0.00121214
     4.80833  0.00390382 0.000789766 0.000582005
     4.99689           0           0           0
     5.18545           0           0           0
     5.37401           0           0           0
     5.56257           0           0           0


   0.0942809  0.00125217  0.00438434   0.0015443
    0.282843   0.0447343   0.0436189   0.0118786
    0.471405    0.153918    0.106294   0.0139828
    0.659966    0.199782    0.201957   0.0178733
    0.848528    0.266245    0.314063   0.0120466
     1.03709    0.390996    0.409305   0.0147327
     1.22565    0.532024    0.519878   0.0286576
     1.41421    0.406856     0.49387   0.0213178
     1.60278    0.566078    0.438813    0.026018
     1.79134     0.45029    0.453387   0.0154573
      1.9799    0.574942    0.467645   0.0356774
     2.16846    0.394605    0.392157   0.0237491
     2.35702      0.2194    0.280987    0.023087
     2.54558     0.18699    0.257375    0.025258
     2.73415    0.190821    0.258473   0.0238309
     2.92271    0.171793    0.194282  0.00987761
     3.11127    0.185321     0.12616   0.0134397
     3.29983       0.133    0.152389   0.0316733
     3.48839   0.0830114   0.0787709  0.00828163
     3.67696   0.0414934   0.0586274  0.00423801
     3.86552   0.0604969   0.0247347  0.00602927
     4.05408   0.0258045   0.0106347  0.00293215
     4.24264   0.0184879  0.00942809  0.00494352
      4.4312   0.0047386  0.00371091  0.00211321
     4.61976 0.000220971  0.00168008  0.00106309
     4.80833           0 0.000676943  0.00050968
     4.99689           0           0           0
     5.18545           0           0           0
     5.37401           0           0           0
     5.56257           0           0           0


   0.0942809  0.00429666  0.00437338   0.0013513
    0.282843   0.0187825   0.0405144   0.0107919
    0.471405    0.149327    0.111673   0.0132292
    0.659966     0.23283    0.205816   0.0160504
    0.848528    0.223549    0.302749   0.0149371
     1.03709    0.344911    0.401255   0.0149289
     1.22565    0.446558    0.510713   0.0265005
     1.41421    0.435411    0.486563    0.019866
     1.60278    0.512186    0.447985   0.0243286
     1.79134    0.613317    0.473378   0.0230787
      1.9799    0.485694    0.469901    0.031289
     2.16846    0.436196    0.397662    0.021409
     2.35702    0.378744    0.293207   0.0232108
     2.54558    0.288318    0.261243    0.022395
     2.73415    0.139163    0.243559   0.0250884
     2.92271    0.217214    0.197149  0.00904928
     3.11127    0.126248    0.126171   0.0117597
     3.29983   0.0961469    0.145359   0.0284837
     3.48839   0.0453236   0.0745899  0.00823442
     3.67696   0.0139948   0.0530484  0.00640207
     3.86552   0.0463057   0.0274311  0.00584754
     4.05408  0.00270076  0.00964292  0.00272819
     4.24264   0.0178495   0.0104808  0.00443624
      4.4312   0.0259027  0.00648488  0.00318624
     4.61976  0.00233247  0.00176163 0.000933329
     4.80833           0 0.000592325 0.000452939
     4.99689           0           0           0
     5.18545           0           0           0
     5.37401           0           0           0
     5.56257           0           0           0


   0.0942809  7.3657e-05  0.00389563  0.00128283
    0.282843   0.0106803   0.0371995    0.010089
    0.471405   0.0697531    0.107015   0.0125525
    0.659966    0.219498    0.207336   0.0143388
    0.848528    0.253675    0.297296   0.0142379
     1.03709    0.364823    0.397207    0.013808
     1.22565    0.650465    0.526241   0.0277346
     1.41421    0.477248    0.485528   0.0176856
     1.60278    0.391462    0.441704   0.0224214
     1.79134     0.56102    0.483116   0.0224752
      1.9799    0.445895    0.467233   0.0279259
     2.16846      0.4278     0.40101   0.0192903
     2.35702    0.290061    0.292857   0.0206344
     2.54558    0.303221    0.265907   0.0203866
     2.73415    0.281394    0.247763   0.0226502
     2.92271    0.214366    0.199062  0.00824354
     3.11127    0.129464    0.126537   0.0104588
     3.29983    0.095263    0.139793    0.025857
     3.48839   0.0474596   0.0715755   0.0078519
     3.67696   0.0182669   0.0491838  0.00675723
     3.86552   0.0141421   0.0259545    0.005381
     4.05408   0.0109503  0.00978819  0.00242893
     4.24264  0.00959996   0.0103829  0.00394441
      4.4312   0.0114414   0.0070356  0.00287941
     4.61976  0.00527875  0.00215242  0.00090776
     4.80833           0 0.000526511 0.000407366
     4.99689           0           0           0
     5.18545           0           0           0
     5.37401           0           0           0
     5.56257           0           0           0


   0.0942809    0.004223  0.00392837  0.00115497
    0.282843   0.0668805   0.0401676  0.00950671
    0.471405   0.0743199    0.103746   0.0117153
    0.659966    0.241374     0.21074   0.0133028
    0.848528    0.222886    0.289855   0.0146299
     1.03709    0.268455    0.384332    0.017425
     1.22565    0.573395    0.530956   0.0253589
     1.41421    0.518815    0.488856   0.0162273
     1.60278    0.430378    0.440572   0.0202079
     1.79134    0.586358     0.49344   0.0224742
      1.9799    0.469367    0.467447   0.0251341
     2.16846    0.418396    0.402749   0.0174395
     2.35702    0.327994    0.296371   0.0188678
     2.54558    0.339632     0.27328   0.0196358
     2.73415    0.228337     0.24582   0.0204684
     2.92271      0.2413    0.203286  0.00843213
     3.11127    0.104544    0.124338  0.00964139
     3.29983   0.0965397    0.135467   0.0236303
     3.48839   0.0315006    0.067568  0.00802448
     3.67696  0.00272531   0.0445379  0.00751067
     3.86552  0.00245523   0.0236046  0.00533138
     4.05408   0.0259518   0.0114046  0.00267023
     4.24264   0.0153206   0.0108767  0.00358074
      4.4312  0.00893704  0.00722575  0.00259774
     4.61976  0.00321635  0.00225881 0.000823195
     4.80833           0  0.00047386 0.000370017
     4.99689           0           0           0
     5.18545           0           0           0
     5.37401           0           0           0
     5.56257           0           0           0


   0.0942809   0.0015468  0.00371186  0.00107007
    0.282843   0.0142403   0.0378106  0.00892987
    0.471405   0.0737552    0.101019   0.0109629
    0.659966    0.164132    0.206503   0.0127504
    0.848528    0.220529    0.283552   0.0145944
     1.03709      0.2756    0.374447   0.0184326
     1.22565    0.433078    0.522058    0.024565
     1.41421    0.596793    0.498669   0.0174687
     1.60278    0.477592    0.443937   0.0186489
     1.79134    0.603521    0.503448   0.0225493
      1.9799    0.655792    0.484569   0.0280822
     2.16846    0.479016    0.409682   0.0171771
     2.35702    0.339166    0.300261    0.017549
     2.54558    0.268111     0.27281   0.0178563
     2.73415    0.215717    0.243084   0.0187897
     2.92271    0.119693    0.195686   0.0105481
     3.11127   0.0750564    0.119858   0.0097504
     3.29983    0.133884    0.135323   0.0214825
     3.48839   0.0854175   0.0691907  0.00745724
     3.67696    0.049522    0.044991  0.00684154
     3.86552   0.0126444   0.0226082  0.00493894
     4.05408   0.0036583   0.0107003  0.00251862
     4.24264 0.000564703  0.00993923   0.0033757
      4.4312   0.0042721  0.00695723  0.00237542
     4.61976           0  0.00205347 0.000773547
     4.80833           0 0.000430782 0.000338877
     4.99689           0           0           0
     5.18545           0           0           0
     5.37401           0           0           0
     5.56257           0           0           0


   0.0942809  0.00687465  0.00397543  0.00101284
    0.282843   0.0301502   0.0371722   0.0082085
    0.471405    0.136634    0.103987   0.0104434
    0.659966    0.231946    0.208623   0.0118628
    0.848528    0.185837    0.275409   0.0154841
     1.03709    0.260426    0.364946   0.0191899
     1.22565     0.30575    0.504033   0.0283709
     1.41421    0.649974    0.511277   0.0200536
     1.60278    0.644965    0.460689   0.0234411
     1.79134    0.497528    0.502954   0.0206756
      1.9799    0.510418    0.486723   0.0258245
     2.16846     0.37678     0.40694    0.015963
     2.35702     0.31756    0.301703   0.0161457
     2.54558    0.237102    0.269834   0.0166144
     2.73415    0.270444    0.245364   0.0173616
     2.92271    0.249132     0.20014   0.0105676
     3.11127   0.0925377    0.117581  0.00919982
     3.29983    0.169828    0.138199   0.0198838
     3.48839   0.0895914   0.0708907  0.00702692
     3.67696   0.0231037   0.0431671     0.00651
     3.86552   0.0094772    0.021514    0.004647
     4.05408  0.00596621   0.0103058  0.00233943
     4.24264  0.00127672  0.00921735  0.00317064
      4.4312           0  0.00637746  0.00224711
     4.61976           0  0.00188234 0.000727766
     4.80833           0 0.000394883 0.000312533
     4.99689           0           0           0
     5.18545           0           0           0
     5.37401           0           0           0
     5.56257           0           0           0


   0.0942809 0.000122762  0.00367907 0.000977323
    0.282843   0.0329983   0.0368511  0.00758336
    0.471405     0.14589    0.107211   0.0101252
    0.659966    0.195731    0.207631   0.0109917
    0.848528    0.292295    0.276708   0.0143474
     1.03709    0.382869    0.366324   0.0177632
     1.22565    0.491366    0.503058   0.0262052
     1.41421    0.499001    0.510333   0.0185332
     1.60278    0.507202    0.464267   0.0219093
     1.79134    0.476119     0.50089   0.0191879
      1.9799    0.359274    0.476919   0.0256314
     2.16846     0.26546    0.396057    0.018068
     2.35702    0.460061    0.313884   0.0189498
     2.54558    0.309335    0.272873   0.0156117
     2.73415    0.299195    0.249504   0.0165126
     2.92271    0.180681    0.198643  0.00986016
     3.11127     0.16838    0.121489    0.009285
     3.29983    0.107613    0.135846    0.018493
     3.48839   0.0859577   0.0720497  0.00658127
     3.67696   0.0156889   0.0410534   0.0063431
     3.86552   0.0243313   0.0217307  0.00429459
     4.05408  0.00306904  0.00974916  0.00222472
     4.24264 0.000662913  0.00855932  0.00299425
      4.4312           0  0.00588689  0.00212713
     4.61976           0  0.00173755 0.000686037
     4.80833           0 0.000364508 0.000289964
     4.99689           0           0           0
     5.18545           0           0           0
     5.37401           0           0           0
     5.56257           0           0           0


   0.0942809           0  0.00341628 0.000942182
    0.282843   0.0247733   0.0359884  0.00709059
    0.471405   0.0796723    0.105244  0.00959118
    0.659966    0.149499    0.203479   0.0109628
    0.848528    0.376142    0.283811   0.0149777
     1.03709    0.364258    0.366177    0.016495
     1.22565    0.448767     0.49918   0.0246187
     1.41421    0.475382    0.507837   0.0173768
     1.60278    0.651275    0.477625   0.0240744
     1.79134    0.471527    0.498793   0.0179316
      1.9799    0.326619    0.466184   0.0259517
     2.16846    0.351982    0.392909   0.0170495
     2.35702    0.361336    0.317274   0.0178968
     2.54558    0.372655        0.28   0.0160413
     2.73415    0.288048    0.252258   0.0155609
     2.92271    0.265067    0.203388   0.0102339
     3.11127   0.0879955    0.119096  0.00892467
     3.29983   0.0762841    0.131592   0.0176546
     3.48839   0.0576979   0.0710246  0.00619051
     3.67696    0.013602   0.0390926  0.00618567
     3.86552  0.00851965    0.020787  0.00409019
     4.05408   0.0221707   0.0106364  0.00223575
     4.24264   0.0152224  0.00903525  0.00281794
      4.4312  0.00537696  0.00585047   0.0019755
     4.61976  0.00125217  0.00170288  0.00063791
     4.80833  0.00186598 0.000471755 0.000288405
     4.99689  0.00596621 0.000426158 0.000410656
     5.18545 0.000343732 2.45523e-05 2.36592e-05
     5.37401           0           0           0
     5.56257           0           0           0


   0.0942809  0.00338822  0.00341441 0.000879372
    0.282843   0.0180951   0.0347955  0.00671748
    0.471405   0.0523455    0.101717  0.00957817
    0.659966    0.136388    0.199006    0.011107
    0.848528    0.371207    0.289637   0.0150699
     1.03709    0.381518      0.3672    0.015427
     1.22565    0.458956    0.496499    0.023123
     1.41421    0.490973    0.506712   0.0162547
     1.60278    0.572241    0.483933   0.0232811
     1.79134    0.415131    0.493215   0.0175822
      1.9799    0.376092    0.460178   0.0249069
     2.16846    0.453874    0.396973   0.0163902
     2.35702    0.450388    0.326148   0.0187754
     2.54558    0.340344    0.284023   0.0154681
     2.73415    0.360944    0.259503   0.0161224
     2.92271    0.174297    0.201449  0.00973366
     3.11127   0.0777081    0.116337  0.00874583
     3.29983   0.0382525    0.125369     0.01754
     3.48839   0.0276214    0.068131  0.00641853
     3.67696   0.0257308   0.0382018  0.00583708
     3.86552  0.00999279   0.0200674   0.0038803
     4.05408   0.0631977   0.0141405  0.00397673
     4.24264  0.00461584  0.00874063  0.00264544
      4.4312           0  0.00546044  0.00188191
     4.61976           0  0.00158935   0.0006054
     4.80833           0 0.000440305 0.000270887
     4.99689           0 0.000397748 0.000384261
     5.18545           0 2.29155e-05 2.21385e-05
     5.37401           0           0           0
     5.56257           0           0           0


   0.0942809  0.00311814  0.00339589 0.000824606
    0.282843   0.0554146   0.0360842  0.00642006
    0.471405    0.095484    0.101327  0.00898746
    0.659966    0.259272    0.202773    0.011033
    0.848528    0.294996    0.289972   0.0141318
     1.03709    0.331014    0.364938   0.0146277
     1.22565    0.422865    0.491896   0.0221311
     1.41421    0.538727    0.508713   0.0153614
     1.60278    0.542434    0.487589   0.0221113
     1.79134    0.466715    0.491559   0.0165611
      1.9799     0.46971    0.460773   0.0233574
     2.16846    0.370028    0.395289   0.0154521
     2.35702    0.342284    0.327157    0.017629
     2.54558    0.307911    0.285516   0.0145732
     2.73415     0.24049    0.258315   0.0151585
     2.92271    0.119128    0.196303   0.0103965
     3.11127    0.157061    0.118882  0.00856158
     3.29983   0.0958523    0.123524   0.0165405
     3.48839   0.0697286   0.0682309  0.00601815
     3.67696   0.0237175   0.0372965  0.00554201
     3.86552   0.0225881    0.020225  0.00364098
     4.05408   0.0268357   0.0149339  0.00380651
     4.24264   0.0235457  0.00966594  0.00263697
      4.4312   0.0202802  0.00638667  0.00197915
     4.61976  0.00169411   0.0015959 0.000567598
     4.80833 0.000515599 0.000445011 0.000253998
     4.99689  0.00110485 0.000441942 0.000362777
     5.18545 0.000785674 7.05879e-05 5.06101e-05
     5.37401           0           0           0
     5.56257           0           0           0


   0.0942809   0.0100419  0.00378683 0.000863815
    0.282843   0.0428929   0.0364847  0.00605489
    0.471405    0.081882    0.100184  0.00853126
    0.659966    0.157773    0.200126   0.0106968
    0.848528    0.233419    0.286645   0.0136864
     1.03709    0.332979    0.363058   0.0138875
     1.22565    0.453825    0.489657   0.0209422
     1.41421    0.550389    0.511165   0.0146521
     1.60278     0.49991    0.488314   0.0208225
     1.79134    0.568533    0.496087   0.0161941
      1.9799     0.48562    0.462235   0.0220291
     2.16846     0.46259    0.399248   0.0150417
     2.35702    0.390308    0.330871   0.0169789
     2.54558    0.357457    0.289748   0.0143172
     2.73415    0.165826    0.252874   0.0152119
     2.92271   0.0978164     0.19051   0.0112843
     3.11127    0.160057    0.121304  0.00839355
     3.29983    0.110633    0.122766   0.0155849
     3.48839   0.0711281   0.0684013  0.00566655
     3.67696   0.0237666   0.0365006  0.00527285
     3.86552  0.00859331   0.0195408   0.0034905
     4.05408   0.0243313   0.0154867  0.00362252
     4.24264  0.00400203  0.00933277  0.00250281
      4.4312  0.00559793  0.00634028  0.00186327
     4.61976  0.00392837   0.0017331 0.000550543
     4.80833           0 0.000418834 0.000240402
     4.99689           0 0.000415945 0.000342367
     5.18545           0 6.64357e-05 4.78031e-05
     5.37401           0           0           0
     5.56257           0           0           0


   0.0942809  0.00866697  0.00405795 0.000857317
    0.282843   0.0386945   0.0366075  0.00571975
    0.471405   0.0956804   0.0999334  0.00806097
    0.659966    0.258389    0.203363    0.010581
    0.848528    0.314122    0.288172   0.0130109
     1.03709    0.489303    0.370072   0.0147813
     1.22565    0.431409    0.486421   0.0200272
     1.41421    0.477493    0.509294    0.013957
     1.60278    0.475677    0.487612   0.0196775
     1.79134    0.512431    0.496995   0.0153199
      1.9799    0.423233    0.460068   0.0209115
     2.16846    0.412258    0.399971   0.0142234
     2.35702    0.357187    0.332333   0.0160984
     2.54558    0.255099    0.287823   0.0136506
     2.73415    0.129121    0.245999   0.0158444
     2.92271    0.198088    0.190931   0.0106652
     3.11127    0.105207     0.12041  0.00797474
     3.29983    0.085663    0.120705   0.0148548
     3.48839   0.0694094   0.0684573  0.00535202
     3.67696   0.0603742   0.0378269  0.00514402
     3.86552   0.0588765   0.0217261  0.00392145
     4.05408   0.0112695   0.0152524  0.00342883
     4.24264   0.0195928  0.00990277   0.0024278
      4.4312  0.00675189  0.00636314  0.00175989
     4.61976  0.00930533  0.00215378 0.000661434
     4.80833           0 0.000395565  0.00022817
     4.99689           0 0.000392837 0.000324126
     5.18545           0 6.27448e-05 4.52896e-05
     5.37401           0           0           0
     5.56257           0           0           0


   0.0942809  0.00847055  0.00429019 0.000843065
    0.282843   0.0334648   0.0364421   0.0054211
    0.471405   0.0974727   0.0998039  0.00763775
    0.659966    0.268872    0.206811   0.0105709
    0.848528    0.338405    0.290816   0.0125919
     1.03709     0.29809    0.366283   0.0144807
     1.22565    0.498437    0.487053   0.0189832
     1.41421    0.491316    0.508348   0.0132545
     1.60278    0.550291    0.490911   0.0189164
     1.79134    0.501678    0.497241   0.0145155
      1.9799    0.392714    0.456523   0.0201092
     2.16846     0.33126    0.396355    0.013927
     2.35702    0.392813    0.335516   0.0155626
     2.54558    0.311544    0.289071   0.0129891
     2.73415    0.128237    0.239801   0.0161774
     2.92271    0.163862    0.189506   0.0101986
     3.11127    0.188267    0.123981  0.00831638
     3.29983   0.0718401    0.118133   0.0142938
     3.48839    0.102162   0.0702313  0.00535626
     3.67696   0.0716437   0.0396068  0.00517203
     3.86552   0.0362883   0.0224925  0.00378922
     4.05408   0.0197892   0.0154912  0.00325667
     4.24264   0.0063836  0.00971755  0.00230708
      4.4312           0  0.00602824  0.00169883
     4.61976           0  0.00204043 0.000636261
     4.80833           0 0.000374746 0.000217108
     4.99689           0 0.000372161 0.000307725
     5.18545           0 5.94425e-05 4.30262e-05
     5.37401           0           0           0
     5.56257           0           0           0


   0.0942809  0.00110485  0.00413093 0.000815817
    0.282843   0.0260255   0.0359213    0.005175
    0.471405   0.0822012   0.0989237   0.0073064
    0.659966    0.207099    0.206825   0.0100424
    0.848528    0.244467    0.288498   0.0121737
     1.03709    0.303786    0.363158   0.0140898
     1.22565    0.547959    0.490099   0.0182766
     1.41421    0.491071    0.507484   0.0126198
     1.60278    0.522596    0.492495   0.0180368
     1.79134     0.52979    0.498869   0.0138807
      1.9799    0.450363    0.456215   0.0191061
     2.16846    0.394998    0.396287   0.0132308
     2.35702    0.416137    0.339548   0.0152977
     2.54558    0.300962    0.289666   0.0123533
     2.73415    0.258757    0.240749   0.0153963
     2.92271    0.200445    0.190053  0.00970332
     3.11127    0.107588    0.123162  0.00794085
     3.29983   0.0718646    0.115819   0.0137651
     3.48839    0.050455   0.0692424  0.00517892
     3.67696  0.00699741   0.0379763  0.00516404
     3.86552  0.00677644   0.0217067  0.00368033
     4.05408   0.0228337   0.0158583  0.00311446
     4.24264   0.0562985   0.0120466  0.00315545
      4.4312  0.00272531  0.00586309   0.0016219
     4.61976           0  0.00193841 0.000612573
     4.80833           0 0.000356009  0.00020706
     4.99689           0 0.000353553 0.000292901
     5.18545           0 5.64703e-05 4.09774e-05
     5.37401           0           0           0
     5.56257           0           0           0


   0.0942809   0.0010312  0.00398332 0.000790209
    0.282843   0.0369512   0.0359703  0.00492881
    0.471405   0.0784692   0.0979497   0.0070231
    0.659966    0.269044    0.209788  0.00999168
    0.848528    0.230718    0.285747   0.0119009
     1.03709     0.24076     0.35733   0.0145746
     1.22565    0.381469    0.484926   0.0181236
     1.41421    0.526991    0.508413    0.012053
     1.60278     0.56431    0.495915   0.0174991
     1.79134     0.57968    0.502717   0.0137428
      1.9799    0.442924    0.455582   0.0182067
     2.16846     0.39377    0.396167   0.0126013
     2.35702    0.451419    0.344875    0.015469
     2.54558    0.298974    0.290109    0.011773
     2.73415    0.302927     0.24371   0.0149451
     2.92271    0.156742    0.188467  0.00937002
     3.11127    0.090819    0.121622  0.00771062
     3.29983   0.0696058    0.113619   0.0132844
     3.48839   0.0461829   0.0681444  0.00504737
     3.67696   0.0716682   0.0395807  0.00516134
     3.86552   0.0532294   0.0232078  0.00379888
     4.05408   0.0118097   0.0156655  0.00297212
     4.24264  0.00380561   0.0116542   0.0030295
      4.4312           0   0.0055839  0.00156851
     4.61976           0   0.0018461 0.000590316
     4.80833           0 0.000339056 0.000197893
     4.99689           0 0.000336718 0.000279437
     5.18545           0 5.37813e-05 3.91142e-05
     5.37401           0           0           0
     5.56257           0           0           0


   0.0942809 0.000294628  0.00381565 0.000771873
    0.282843   0.0267375   0.0355506  0.00472261
    0.471405   0.0794022   0.0971067  0.00675428
    0.659966    0.209628    0.209781  0.00953751
    0.848528    0.365289    0.289362   0.0118965
     1.03709    0.333445    0.356244   0.0139525
     1.22565    0.293572    0.476228   0.0192742
     1.41421    0.453334    0.505909   0.0117623
     1.60278    0.674256    0.504021   0.0184862
     1.79134    0.649679    0.509397    0.014652
      1.9799    0.381101    0.452197   0.0176911
     2.16846    0.233272    0.388763   0.0140363
     2.35702    0.384784    0.346689   0.0148718
     2.54558     0.41216    0.295657   0.0124767
     2.73415    0.311127    0.246774   0.0145766
     2.92271     0.17658    0.187927  0.00895967
     3.11127   0.0850247    0.119958  0.00753744
     3.29983   0.0931515    0.112688   0.0127131
     3.48839   0.0440223   0.0670479   0.0049356
     3.67696   0.0460602   0.0398752  0.00493513
     3.86552   0.0353553   0.0237599  0.00366612
     4.05408   0.0140685    0.015593  0.00283791
     4.24264  0.00095754    0.011168  0.00293055
      4.4312           0  0.00533009  0.00151761
     4.61976           0  0.00176219 0.000569417
     4.80833           0 0.000323644 0.000189497
     4.99689           0 0.000321412 0.000267154
     5.18545           0 5.13367e-05 3.74126e-05
     5.37401           0           0           0
     5.56257           0           0           0


   0.0942809   0.0131109   0.0042198 0.000837459
    0.282843   0.0258045   0.0351269  0.00453625
    0.471405   0.0747864   0.0961362  0.00652996
    0.659966    0.191582    0.208989   0.0091556
    0.848528    0.297771    0.289728   0.0113848
     1.03709     0.43821    0.359808   0.0137935
     1.22565    0.433766    0.474382   0.0185244
     1.41421    0.364356    0.499755   0.0127599
     1.60278    0.554735    0.506226   0.0178135
     1.79134    0.553827    0.511329   0.0141417
      1.9799    0.404156    0.450108   0.0170448
     2.16846    0.410736    0.389718   0.0134585
     2.35702    0.381739    0.348213   0.0143031
     2.54558    0.303516    0.295998   0.0119389
     2.73415    0.257873    0.247257   0.0139508
     2.92271      0.2879    0.192273  0.00956657
     3.11127    0.155318    0.121496  0.00736485
     3.29983   0.0577225    0.110299   0.0123829
     3.48839  0.00714472   0.0644434  0.00536436
     3.67696   0.0190035   0.0389677  0.00480327
     3.86552   0.0234475   0.0237464  0.00350675
     4.05408   0.0362392   0.0164906  0.00285296
     4.24264   0.0105575   0.0111414  0.00280326
      4.4312           0  0.00509834  0.00146922
     4.61976           0  0.00168557  0.00054979
     4.80833           0 0.000309573 0.000181779
     4.99689           0 0.000307438 0.000255904
     5.18545           0 4.91046e-05 3.58525e-05
     5.37401           0           0           0
     5.56257           0           0           0


   0.0942809 0.000270076  0.00405522 0.000818575
    0.282843   0.0566913   0.0360254  0.00443533
    0.471405   0.0957786   0.0961213  0.00625789
    0.659966    0.168797    0.207315  0.00892596
    0.848528    0.252373    0.288172   0.0110163
     1.03709      0.4086    0.361841   0.0133677
     1.22565    0.453825    0.473525   0.0177724
     1.41421    0.486922     0.49922   0.0122394
     1.60278    0.520951     0.50684   0.0170818
     1.79134    0.541624    0.512591   0.0136087
      1.9799    0.554809    0.454471   0.0168836
     2.16846    0.449258    0.392199   0.0131244
     2.35702    0.304007    0.346371   0.0138252
     2.54558    0.167324    0.290637   0.0125878
     2.73415    0.137542    0.242685   0.0140986
     2.92271    0.295364    0.196569   0.0100863
     3.11127    0.197253    0.124652   0.0077048
     3.29983   0.0470913    0.107665   0.0121438
     3.48839    0.051609   0.0639087  0.00516743
     3.67696   0.0394801   0.0389891  0.00460318
     3.86552   0.0255099   0.0238198   0.0033614
     4.05408   0.0128163   0.0163375  0.00273819
     4.24264   0.0283579   0.0118588  0.00277672
      4.4312  0.00704652  0.00517952  0.00141024
     4.61976           0  0.00161534 0.000531349
     4.80833           0 0.000296674 0.000174662
     4.99689           0 0.000294628 0.000245562
     5.18545           0 4.70586e-05  3.4417e-05
     5.37401           0           0           0
     5.56257           0           0           0


   0.0942809  0.00387927  0.00404819 0.000785862
    0.282843   0.0779045   0.0377006  0.00456331
    0.471405   0.0615036   0.0947366  0.00615887
    0.659966    0.110952     0.20346  0.00936426
    0.848528    0.274986    0.287644   0.0105883
     1.03709    0.350681    0.361394   0.0128405
     1.22565    0.398951    0.470542     0.01731
     1.41421    0.476511    0.498312   0.0117835
     1.60278    0.642362    0.512261   0.0172372
     1.79134    0.615969    0.516726   0.0136781
      1.9799    0.565219    0.458901   0.0167794
     2.16846    0.365633    0.391136   0.0126423
     2.35702     0.29313    0.344241   0.0134352
     2.54558     0.25284    0.289125   0.0121748
     2.73415    0.213163    0.241504   0.0135841
     2.92271    0.177489    0.195806  0.00971169
     3.11127    0.160474    0.126085  0.00752866
     3.29983   0.0861786    0.106806   0.0116884
     3.48839   0.0795986   0.0645363   0.0049987
     3.67696   0.0421563   0.0391158   0.0044208
     3.86552   0.0291927   0.0240348  0.00323381
     4.05408   0.0074148   0.0159806  0.00265182
     4.24264  0.00454218   0.0115661  0.00268103
      4.4312  0.00274986  0.00508233  0.00135718
     4.61976   0.0084951  0.00189053 0.000576973
     4.80833  0.00132583  0.00033784 0.000172459
     4.99689           0 0.000282843 0.000236022
     5.18545           0 4.51763e-05 3.30917e-05
     5.37401           0           0           0
     5.56257           0           0           0


   0.0942809 0.000834779  0.00392459 0.000765294
    0.282843    0.039873   0.0377841  0.00438856
    0.471405    0.148713   0.0968126  0.00626212
    0.659966     0.11186    0.199937  0.00964409
    0.848528    0.189495    0.283869   0.0108331
     1.03709    0.383409    0.362241   0.0123745
     1.22565    0.391143    0.467488   0.0169115
     1.41421    0.506342    0.498621   0.0113343
     1.60278    0.628711    0.516739   0.0171463
     1.79134    0.445502    0.513987   0.0134236
      1.9799    0.572364    0.463264   0.0166919
     2.16846    0.320113    0.388404   0.0124477
     2.35702    0.365682    0.345066   0.0129438
     2.54558    0.326251    0.290553     0.01179
     2.73415     0.23197    0.241138   0.0130665
     2.92271    0.193399    0.195713   0.0093386
     3.11127    0.187113    0.128432  0.00759619
     3.29983    0.100173     0.10655   0.0112416
     3.48839   0.0955576   0.0657294  0.00494679
     3.67696   0.0411251   0.0391931  0.00425144
     3.86552  0.00851965    0.023438  0.00316401
     4.05408  0.00650636   0.0156162  0.00257474
     4.24264  0.00414934   0.0112808  0.00259305
      4.4312 0.000196419  0.00489441  0.00131792
     4.61976  0.00198874  0.00189431 0.000554794
     4.80833  0.00230792 0.000413612 0.000181711
     4.99689           0 0.000271964 0.000227195
     5.18545           0 4.34387e-05 3.18645e-05
     5.37401           0           0           0
     5.56257           0           0           0


   0.0942809 0.000491046  0.00379743 0.000747441
    0.282843   0.0269093   0.0373814  0.00424446
    0.471405   0.0879955   0.0964861   0.0060387
    0.659966    0.145767    0.197931  0.00949329
    0.848528    0.317756    0.285124   0.0105043
     1.03709    0.336931    0.361304   0.0119516
     1.22565     0.41901    0.465693   0.0163802
     1.41421    0.542115    0.500232   0.0110284
     1.60278    0.626919     0.52082   0.0169899
     1.79134    0.532294    0.514665   0.0129435
      1.9799    0.489107    0.464222   0.0161011
     2.16846    0.380954    0.388129   0.0119898
     2.35702    0.342063    0.344955   0.0124649
     2.54558    0.174665    0.286261   0.0121094
     2.73415    0.282965    0.242687   0.0126741
     2.92271    0.177415    0.195035  0.00901729
     3.11127    0.129145    0.128459   0.0073149
     3.29983    0.133123    0.107535   0.0108683
     3.48839   0.0642534   0.0656747  0.00476387
     3.67696   0.0653337   0.0401612  0.00420278
     3.86552   0.0194945    0.023292  0.00305019
     4.05408  0.00859331   0.0153561  0.00249249
     4.24264           0    0.010863  0.00253044
      4.4312           0  0.00471314  0.00128152
     4.61976           0  0.00182415 0.000538664
     4.80833           0 0.000398293 0.000175625
     4.99689           0 0.000261891 0.000219003
     5.18545           0 4.18299e-05  3.0725e-05
     5.37401           0           0           0
     5.56257           0           0           0


   0.0942809  0.00235702  0.00374598 0.000722515
    0.282843   0.0181687   0.0366952  0.00414797
    0.471405   0.0836252   0.0960267  0.00584047
    0.659966    0.127328    0.195409  0.00948321
    0.848528    0.266294    0.284452   0.0101507
     1.03709    0.335998      0.3604   0.0115589
     1.22565    0.506563    0.467153   0.0158601
     1.41421    0.371747    0.495643   0.0115498
     1.60278    0.592374    0.523376   0.0165742
     1.79134     0.56625    0.516507   0.0126117
      1.9799    0.559646     0.46763   0.0158826
     2.16846    0.459889    0.390691   0.0118323
     2.35702     0.34194    0.344847   0.0120202
     2.54558    0.295143    0.286578   0.0116811
     2.73415     0.17798    0.240376   0.0124304
     2.92271     0.21498    0.195748  0.00872333
     3.11127    0.183479    0.130424  0.00731283
     3.29983   0.0507987    0.105508   0.0106673
     3.48839   0.0271549    0.064299  0.00478826
     3.67696   0.0388663    0.040115  0.00405293
     3.86552   0.0243805   0.0233308  0.00294151
     4.05408   0.0418126    0.016301  0.00257635
     4.24264   0.0123989   0.0109179  0.00244067
      4.4312  0.00412479  0.00469212  0.00123592
     4.61976           0    0.001759 0.000523351
     4.80833           0 0.000384068 0.000169928
     4.99689           0 0.000252538 0.000211381
     5.18545           0  4.0336e-05 2.96639e-05
     5.37401           0           0           0
     5.56257           0           0           0


   0.0942809    0.026762  0.00453964  0.00104633
    0.282843   0.0583609   0.0374423  0.00407166
    0.471405   0.0929305     0.09592  0.00564005
    0.659966     0.11159    0.192519  0.00958654
    0.848528    0.250556    0.283283  0.00986773
     1.03709    0.434625    0.362959   0.0114402
     1.22565    0.495245    0.468121   0.0153427
     1.41421    0.414419    0.492842   0.0114861
     1.60278     0.49306     0.52233   0.0160356
     1.79134    0.564335    0.518156   0.0122842
      1.9799    0.486381    0.468276   0.0153481
     2.16846    0.400547    0.391031   0.0114292
     2.35702     0.32603    0.344198   0.0116232
     2.54558    0.283334    0.286466   0.0112788
     2.73415    0.248666    0.240662    0.012005
     2.92271     0.22323    0.196695  0.00847384
     3.11127    0.139776    0.130746  0.00706777
     3.29983    0.132018    0.106422   0.0103386
     3.48839   0.0904753   0.0652016  0.00470745
     3.67696   0.0206976   0.0394454   0.0039681
     3.86552   0.0102629   0.0228802  0.00287438
     4.05408           0   0.0157389  0.00254809
     4.24264           0   0.0105414  0.00238536
      4.4312           0  0.00453033  0.00120385
     4.61976           0  0.00169834 0.000508807
     4.80833           0 0.000370825 0.000164584
     4.99689           0  0.00024383 0.000204271
     5.18545           0 3.89451e-05 2.86736e-05
     5.37401           0           0           0
     5.56257           0           0           0


   0.0942809  0.00576979  0.00458064  0.00101226
    0.282843   0.0172357   0.0367687  0.00399126
    0.471405   0.0813173   0.0954332  0.00547301
    0.659966    0.191655     0.19249  0.00926704
    0.848528    0.242601    0.281927  0.00963153
     1.03709    0.368751    0.363153   0.0110605
     1.22565    0.497111    0.469088   0.0148617
     1.41421    0.468335    0.492025   0.0111323
     1.60278    0.587439    0.524501   0.0156473
     1.79134    0.534406    0.518698   0.0118866
      1.9799    0.510344    0.469678   0.0149004
     2.16846    0.423086      0.3921    0.011098
     2.35702    0.260377    0.341404   0.0115667
     2.54558    0.395415    0.290098   0.0114726
     2.73415    0.176212    0.238514   0.0117955
     2.92271    0.127648    0.194394   0.0084982
     3.11127    0.109282    0.130031  0.00686829
     3.29983   0.0920221    0.105942   0.0100051
     3.48839   0.0834533     0.06581  0.00458968
     3.67696    0.031206   0.0391708  0.00384532
     3.86552   0.0872589   0.0250262  0.00348885
     4.05408   0.0109749   0.0155801   0.0024681
     4.24264  0.00139948   0.0102367  0.00232524
      4.4312           0  0.00437932  0.00117315
     4.61976           0  0.00164173 0.000494986
     4.80833           0 0.000358464 0.000159561
     4.99689           0 0.000235702 0.000197624
     5.18545           0 3.76469e-05 2.77472e-05
     5.37401           0           0           0
     5.56257           0           0           0


