# VELOCITY:     AVE_POFV:        ERROR:      argon gassoso ma con conf di velocità una delta
   0.0942809           0           0           0
    0.282843 0.000662913 0.000662913           0
    0.471405  0.00110485  0.00110485           0
    0.659966 0.000883883 0.000883883           0
    0.848528 0.000883883 0.000883883           0
     1.03709 0.000883883 0.000883883           0
     1.22565   0.0347415   0.0347415           0
     1.41421   0.0562985   0.0562985           0
     1.60278   0.0172357   0.0172357           0
     1.79134   0.0369021   0.0369021           0
      1.9799    0.078371    0.078371           0
     2.16846    0.197499    0.197499           0
     2.35702     1.08465     1.08465           0
     2.54558     3.08667     3.08667           0
     2.73415    0.391339    0.391339           0
     2.92271    0.187899    0.187899           0
     3.11127   0.0468458   0.0468458           0
     3.29983  0.00243068  0.00243068           0
     3.48839   0.0584591   0.0584591           0
     3.67696   0.0195436   0.0195436           0
     3.86552           0           0           0
     4.05408           0           0           0
     4.24264           0           0           0
      4.4312           0           0           0
     4.61976           0           0           0
     4.80833           0           0           0
     4.99689           0           0           0
     5.18545           0           0           0
     5.37401           0           0           0
     5.56257           0           0           0


   0.0942809           0           0           0
    0.282843           0 0.000331456 0.000234375
    0.471405           0 0.000552427 0.000390625
    0.659966           0 0.000441942   0.0003125
    0.848528   0.0834533   0.0421686   0.0291927
     1.03709    0.323992    0.162438    0.114236
     1.22565     0.19664    0.115691   0.0572396
     1.41421    0.606761     0.33153    0.194618
     1.60278   0.0890758   0.0531558   0.0253993
     1.79134    0.114487   0.0756948   0.0274306
      1.9799   0.0515599   0.0649654  0.00947917
     2.16846    0.206387    0.201943  0.00314236
     2.35702    0.966723     1.02569   0.0416927
     2.54558    0.349674     1.71817    0.967674
     2.73415    0.784766    0.588053    0.139097
     2.92271    0.501137    0.344518    0.110747
     3.11127    0.397772    0.222309    0.124071
     3.29983    0.210094    0.106262   0.0734201
     3.48839   0.0956558   0.0770575    0.013151
     3.67696   0.0222444    0.020894 0.000954861
     3.86552   0.0153452   0.0076726  0.00542535
     4.05408    0.243191    0.121595   0.0859809
     4.24264   0.0443415   0.0221707   0.0156771
      4.4312           0           0           0
     4.61976           0           0           0
     4.80833           0           0           0
     4.99689           0           0           0
     5.18545           0           0           0
     5.37401           0           0           0
     5.56257           0           0           0


   0.0942809           0           0           0
    0.282843 9.82093e-05 0.000253707 0.000168653
    0.471405   0.0787638   0.0266229    0.021288
    0.659966   0.0753511   0.0254116   0.0203887
    0.848528    0.204177   0.0961714   0.0481972
     1.03709    0.108251    0.144376   0.0775722
     1.22565    0.173806    0.135062   0.0413079
     1.41421     1.03311    0.565391    0.230856
     1.60278    0.267375    0.124562   0.0607121
     1.79134    0.179576    0.110322   0.0336714
      1.9799    0.136707   0.0888794   0.0205228
     2.16846   0.0848528    0.162913   0.0319366
     2.35702    0.475799     0.84239    0.152219
     2.54558    0.215152     1.21716     0.76388
     2.73415    0.565317    0.580474   0.0929377
     2.92271    0.437768    0.375601   0.0780713
     3.11127     0.25311    0.232576   0.0831378
     3.29983    0.223524     0.14535   0.0584323
     3.48839    0.177047    0.110387   0.0285911
     3.67696   0.0866942   0.0428274   0.0179199
     3.86552    0.062633   0.0259927   0.0153894
     4.05408    0.125143    0.122778   0.0573287
     4.24264    0.151193   0.0651782   0.0366378
      4.4312   0.0671997   0.0223999   0.0182894
     4.61976   0.0432612   0.0144204   0.0117742
     4.80833   0.0241595  0.00805316  0.00657538
     4.99689   0.0242331  0.00807771  0.00659542
     5.18545   0.0240613  0.00802042  0.00654865
     5.37401  0.00414934  0.00138311  0.00112931
     5.56257 0.000785674 0.000261891 0.000213833


   0.0942809           0           0           0
    0.282843 0.000540151 0.000325318 0.000140875
    0.471405  0.00500867   0.0212193   0.0166377
    0.659966   0.0525911   0.0322065   0.0163847
    0.848528    0.269192    0.139426   0.0520569
     1.03709    0.183848    0.154244   0.0588035
     1.22565     0.19416    0.149837   0.0335191
     1.41421    0.350853    0.511756    0.179264
     1.60278    0.401651    0.193834    0.075315
     1.79134    0.344813    0.168945   0.0567029
      1.9799    0.327356    0.148499   0.0538772
     2.16846    0.340418    0.207289   0.0452842
     2.35702    0.453088    0.745065    0.141907
     2.54558    0.453825     1.02633    0.596271
     2.73415    0.365928    0.526838   0.0837628
     2.92271    0.348127    0.368733   0.0588549
     3.11127    0.215422    0.228287   0.0624639
     3.29983    0.233173    0.167306   0.0477714
     3.48839    0.193497    0.131165   0.0279927
     3.67696    0.139531   0.0670033   0.0248794
     3.86552    0.159762    0.059435   0.0311771
     4.05408    0.073657    0.110498   0.0442923
     4.24264    0.061258   0.0641982   0.0274914
      4.4312   0.0152961   0.0206239    0.013803
     4.61976   0.0280633   0.0178311  0.00931156
     4.80833   0.0140685  0.00955699   0.0051006
     4.99689   0.0161309    0.010091  0.00524486
     5.18545   0.0094772  0.00838462   0.0049216
     5.37401  0.00380561  0.00198874 0.000996224
     5.56257  0.00100665  0.00044808  0.00022742


   0.0942809 9.82093e-05 1.96419e-05 1.75682e-05
    0.282843   0.0169411  0.00364847  0.00297446
    0.471405    0.020894   0.0211543   0.0133103
    0.659966   0.0475824   0.0352817   0.0133933
    0.848528   0.0795004    0.127441   0.0430031
     1.03709    0.140341    0.151463   0.0471085
     1.22565    0.180681    0.156005    0.027377
     1.41421    0.298016    0.469008    0.148421
     1.60278    0.382181    0.231504   0.0690325
     1.79134    0.419476    0.219051   0.0637672
      1.9799     0.45822    0.210443   0.0701957
     2.16846    0.375626    0.240956   0.0471086
     2.35702     0.40639     0.67733     0.12868
     2.54558    0.455863    0.912236     0.48781
     2.73415     0.42284    0.506038   0.0695447
     2.92271    0.370838    0.369154   0.0470854
     3.11127    0.308795    0.244389    0.052005
     3.29983    0.234597    0.180764   0.0400681
     3.48839    0.180042     0.14094   0.0240405
     3.67696    0.117139   0.0770304   0.0218308
     3.86552    0.147019   0.0769519   0.0294543
     4.05408   0.0594657    0.100291   0.0365909
     4.24264   0.0577962   0.0629178   0.0220229
      4.4312   0.0253625   0.0215717   0.0110749
     4.61976   0.0163273   0.0175304  0.00745411
     4.80833   0.0197892   0.0116034  0.00447221
     4.99689  0.00255344  0.00858349  0.00440721
     5.18545  0.00247978  0.00720365  0.00407651
     5.37401  0.00505778  0.00260255 0.000967773
     5.56257  0.00802861  0.00196419   0.0013682


   0.0942809           0 1.63682e-05 1.49421e-05
    0.282843  0.00498412  0.00387108  0.00248703
    0.471405   0.0533276   0.0265165    0.012124
    0.659966   0.0636151   0.0400039   0.0119646
    0.848528   0.0971535    0.122393    0.036131
     1.03709   0.0693357    0.137775   0.0411977
     1.22565    0.178274    0.159717   0.0230644
     1.41421    0.336121     0.44686    0.125326
     1.60278      0.3455    0.250503   0.0600848
     1.79134    0.406537    0.250299   0.0603115
      1.9799    0.340197    0.232069   0.0617378
     2.16846    0.474105    0.279815   0.0529095
     2.35702    0.472067    0.643119    0.111688
     2.54558    0.494115     0.84255    0.411456
     2.73415    0.536296    0.511081   0.0581365
     2.92271     0.29669    0.357077   0.0407573
     3.11127    0.334427    0.259395    0.045451
     3.29983    0.168478    0.178716   0.0334423
     3.48839    0.134571    0.139879   0.0200572
     3.67696    0.102801   0.0813255   0.0186101
     3.86552    0.117065   0.0836375   0.0252927
     4.05408    0.103537    0.100832   0.0304964
     4.24264   0.0513389    0.060988   0.0184368
      4.4312   0.0380315    0.024315  0.00956283
     4.61976   0.0104593   0.0163518  0.00630423
     4.80833  0.00655547   0.0107621  0.00380515
     4.99689  0.00228337  0.00753347   0.0037957
     5.18545 0.000220971  0.00603987  0.00355934
     5.37401 0.000220971  0.00220562 0.000884138
     5.56257   0.0138966  0.00395292   0.0021438


   0.0942809  0.00063836 0.000105224 8.32557e-05
    0.282843  0.00753756  0.00439487   0.0021862
    0.471405   0.0814891   0.0343697   0.0126829
    0.659966   0.0571824    0.042458    0.010504
    0.848528     0.11736    0.121674   0.0309765
     1.03709    0.148812    0.139352   0.0353425
     1.22565    0.203784    0.166012   0.0206107
     1.41421    0.185542    0.409529    0.112845
     1.60278    0.305013     0.25829   0.0520034
     1.79134    0.360305    0.266014    0.053704
      1.9799     0.49905    0.270209   0.0636176
     2.16846    0.485547    0.309205   0.0528877
     2.35702    0.349109    0.601118    0.103329
     2.54558    0.394089    0.778484     0.35763
     2.73415    0.527089    0.513368   0.0498762
     2.92271    0.478918    0.374482   0.0384724
     3.11127    0.316749    0.267589   0.0396897
     3.29983     0.19335    0.180807   0.0287301
     3.48839    0.136265    0.139362   0.0171985
     3.67696   0.0787638   0.0809595   0.0159551
     3.86552    0.135283   0.0910154   0.0227301
     4.05408   0.0731168   0.0968729   0.0263955
     4.24264   0.0411742   0.0581574   0.0160188
      4.4312   0.0503814   0.0280387  0.00889222
     4.61976   0.0125953   0.0158152  0.00542642
     4.80833  0.00815137   0.0103891  0.00327979
     4.99689  0.00383016  0.00700443  0.00329012
     5.18545  0.00306904  0.00561547  0.00307606
     5.37401           0  0.00189053 0.000812039
     5.56257           0  0.00338822  0.00191047


   0.0942809  0.00193963 0.000334525 0.000226525
    0.282843  0.00989458  0.00508233  0.00201812
    0.471405   0.0745408   0.0393911   0.0120507
    0.659966    0.165556   0.0578453   0.0170777
    0.848528     0.17415    0.128234   0.0277903
     1.03709    0.195338     0.14635   0.0316099
     1.22565    0.341744    0.187979   0.0273395
     1.41421    0.266785    0.391686     0.10014
     1.60278    0.209161    0.252149   0.0458642
     1.79134    0.448448    0.288818    0.051606
      1.9799    0.404058     0.28694   0.0578236
     2.16846      0.4031    0.320942   0.0475612
     2.35702    0.334722    0.567818   0.0956281
     2.54558    0.394335    0.730465    0.316133
     2.73415    0.302828     0.48705   0.0501062
     2.92271    0.319917    0.367662   0.0342626
     3.11127    0.280633    0.269219   0.0347619
     3.29983    0.178299    0.180493   0.0251406
     3.48839    0.204594    0.147516   0.0168713
     3.67696    0.150137   0.0896068   0.0161347
     3.86552   0.0896405   0.0908436   0.0198894
     4.05408   0.0889531   0.0958829   0.0231147
     4.24264   0.0294628   0.0545706   0.0144124
      4.4312   0.0256326    0.027738  0.00778578
     4.61976   0.0283334     0.01738  0.00496861
     4.80833   0.0786902   0.0189268   0.0084862
     4.99689   0.0487609    0.012224  0.00566799
     5.18545  0.00454218  0.00548131  0.00269448
     5.37401           0  0.00165421 0.000744126
     5.56257           0  0.00296469  0.00171796


   0.0942809  0.00446852 0.000793858 0.000477585
    0.282843   0.0227846  0.00704924   0.0025801
    0.471405   0.0670278   0.0424619    0.011096
    0.659966    0.146455   0.0676907   0.0177933
    0.848528    0.191361    0.135248   0.0255723
     1.03709    0.361214    0.170224   0.0360015
     1.22565    0.235138    0.193219   0.0247988
     1.41421    0.271991    0.378387   0.0898922
     1.60278     0.25856    0.252862   0.0407737
     1.79134     0.35704    0.296398   0.0464254
      1.9799    0.374276    0.296644   0.0522067
     2.16846    0.503568    0.341234   0.0464039
     2.35702    0.396176    0.548747   0.0868837
     2.54558     0.33234    0.686229    0.284085
     2.73415    0.247831    0.460471   0.0511048
     2.92271     0.27447    0.357307   0.0319821
     3.11127    0.198456    0.261357   0.0317762
     3.29983    0.180754    0.180522   0.0223472
     3.48839    0.136044    0.146242   0.0150448
     3.67696    0.199021    0.101764   0.0183594
     3.86552   0.0783956   0.0894605   0.0177275
     4.05408    0.142158    0.101025   0.0211105
     4.24264   0.0859086   0.0580526    0.013225
      4.4312   0.0359937   0.0286553  0.00697452
     4.61976   0.0646463   0.0226318  0.00663496
     4.80833    0.034005   0.0206021  0.00770689
     4.99689   0.0182915   0.0128982  0.00507815
     5.18545     0.01289  0.00630449   0.0025177
     5.37401  0.00751301  0.00230519 0.000902328
     5.56257   0.0150997  0.00431302  0.00198695


   0.0942809  0.00630995  0.00134547 0.000677197
    0.282843   0.0889285   0.0152372   0.0081074
    0.471405   0.0810718   0.0463229    0.010637
    0.659966   0.0894686   0.0698685   0.0161467
    0.848528    0.250532    0.146776   0.0254815
     1.03709    0.256498    0.178851   0.0334191
     1.22565    0.262464    0.200143   0.0232656
     1.41421     0.22814    0.363362    0.082149
     1.60278    0.301994    0.257775   0.0369911
     1.79134    0.282425    0.295001   0.0418039
      1.9799    0.390603     0.30604   0.0478241
     2.16846    0.381445    0.345255   0.0419374
     2.35702    0.376854    0.531558   0.0798776
     2.54558    0.336367    0.651243    0.257822
     2.73415    0.363595    0.450783   0.0469035
     2.92271     0.26217    0.347793   0.0301657
     3.11127    0.291632    0.264384   0.0287425
     3.29983    0.195117    0.181982   0.0201601
     3.48839    0.185419     0.15016   0.0140411
     3.67696    0.229982    0.114586   0.0205178
     3.86552    0.103292   0.0908436   0.0160086
     4.05408   0.0602023   0.0969424   0.0193901
     4.24264   0.0832815   0.0605755   0.0121407
      4.4312   0.0603005   0.0318198  0.00695804
     4.61976   0.0534995   0.0257186  0.00665084
     4.80833  0.00967361   0.0195093  0.00701326
     4.99689  0.00594166   0.0122025  0.00461774
     5.18545  0.00886339  0.00656038  0.00227889
     5.37401   0.0110485  0.00317953  0.00116082
     5.56257   0.0158608   0.0054678  0.00209714


   0.0942809           0  0.00122315 0.000626583
    0.282843   0.0699005   0.0202066  0.00876197
    0.471405   0.0420827   0.0459374  0.00967697
    0.659966    0.118244   0.0742663   0.0152659
    0.848528    0.170098    0.148896   0.0232531
     1.03709    0.269584      0.1871   0.0313824
     1.22565    0.264944    0.206034   0.0218837
     1.41421     0.36114     0.36316   0.0746812
     1.60278    0.327479    0.264112   0.0341668
     1.79134    0.268406    0.292583   0.0380734
      1.9799    0.293253    0.304877   0.0434905
     2.16846    0.298998     0.34105   0.0383351
     2.35702    0.374595    0.517288   0.0738796
     2.54558    0.409508    0.629267    0.235319
     2.73415    0.349232    0.441551   0.0435387
     2.92271    0.375061    0.350272    0.027525
     3.11127    0.408894    0.277522   0.0289767
     3.29983    0.190133    0.182723    0.018341
     3.48839    0.183455    0.153186   0.0130868
     3.67696    0.118072    0.114903    0.018655
     3.86552   0.0599568   0.0880357   0.0147975
     4.05408   0.0710544   0.0945889   0.0177696
     4.24264   0.0810227   0.0624343   0.0111784
      4.4312   0.0336858   0.0319894  0.00632756
     4.61976   0.0562739   0.0284963  0.00660086
     4.80833  0.00397748   0.0180973  0.00651628
     4.99689  0.00603987   0.0116423  0.00423179
     5.18545   0.0376387  0.00938568  0.00339834
     5.37401   0.0198137  0.00469172  0.00178676
     5.56257   0.0191017  0.00670725  0.00224305


   0.0942809           0  0.00112122 0.000582599
    0.282843   0.0442924   0.0222137   0.0082585
    0.471405   0.0344469   0.0449798  0.00891781
    0.659966     0.10091   0.0764866   0.0141543
    0.848528    0.154213    0.149339   0.0213195
     1.03709      0.1755    0.186133   0.0287821
     1.22565     0.37349    0.219989   0.0241021
     1.41421    0.253454    0.354018   0.0690151
     1.60278     0.22404    0.260772   0.0314823
     1.79134    0.365952    0.298697   0.0353881
      1.9799    0.478009    0.319305   0.0421916
     2.16846    0.453923    0.350456   0.0362762
     2.35702    0.406415    0.508049   0.0682982
     2.54558    0.398165    0.610008    0.216495
     2.73415    0.393574    0.437553   0.0400936
     2.92271    0.236439    0.340786   0.0268161
     3.11127    0.272113    0.277071   0.0265655
     3.29983    0.208179    0.184844   0.0169348
     3.48839    0.197302    0.156863    0.012502
     3.67696   0.0724784    0.111367   0.0174322
     3.86552   0.0812191   0.0874676   0.0135753
     4.05408   0.0995351   0.0950011   0.0162936
     4.24264   0.0471159   0.0611578   0.0103195
      4.4312   0.0232265   0.0312592  0.00584225
     4.61976   0.0573542   0.0309011  0.00647404
     4.80833   0.0431139    0.020182  0.00629791
     4.99689    0.039652   0.0139764  0.00447683
     5.18545   0.0250679   0.0106925  0.00335703
     5.37401   0.0177513  0.00578003  0.00194121
     5.56257   0.0111222  0.00707516  0.00208609


   0.0942809           0  0.00103497 0.000544131
    0.282843  0.00628539   0.0209885  0.00771359
    0.471405   0.0400694   0.0446021  0.00823982
    0.659966   0.0897878   0.0775098   0.0131025
    0.848528    0.105354    0.145956   0.0199462
     1.03709    0.201697     0.18733    0.026593
     1.22565    0.225268    0.220395   0.0222515
     1.41421    0.306339     0.35035   0.0638036
     1.60278       0.351    0.267713   0.0298158
     1.79134    0.358194    0.303274   0.0329606
      1.9799     0.46507    0.330518   0.0404086
     2.16846    0.496276    0.361673   0.0351772
     2.35702    0.385398    0.498614   0.0636928
     2.54558    0.400547    0.593896     0.20044
     2.73415    0.446459    0.438238   0.0370153
     2.92271    0.239508    0.332996   0.0258603
     3.11127    0.202115    0.271305   0.0251399
     3.29983    0.228091    0.188171   0.0159555
     3.48839    0.128801    0.154704   0.0117252
     3.67696    0.137665     0.11339   0.0162082
     3.86552    0.118342   0.0898426   0.0127371
     4.05408      0.1097   0.0961318   0.0150794
     4.24264   0.0346433   0.0591182  0.00972517
      4.4312   0.0751792   0.0346377  0.00629435
     4.61976   0.0786656   0.0345753  0.00694077
     4.80833   0.0203784   0.0201971  0.00581347
     4.99689   0.0191999   0.0143782  0.00415045
     5.18545  0.00405113   0.0101817  0.00313743
     5.37401 0.000540151  0.00537696  0.00183325
     5.56257  0.00063836  0.00658002  0.00198351


   0.0942809           0 0.000961048 0.000510261
    0.282843    0.008446   0.0200926  0.00721446
    0.471405   0.0247733   0.0431858  0.00777203
    0.659966   0.0621174   0.0764103   0.0122126
    0.848528    0.104814    0.143017   0.0187367
     1.03709   0.0982584    0.180968   0.0254432
     1.22565    0.273022    0.224154   0.0209772
     1.41421    0.314687    0.347803    0.059297
     1.60278      0.3181    0.271312   0.0279025
     1.79134    0.406267    0.310631   0.0314165
      1.9799    0.388442    0.334655   0.0377335
     2.16846    0.406267    0.364858   0.0328084
     2.35702    0.539513    0.501535   0.0592103
     2.54558    0.477739    0.585599    0.186295
     2.73415    0.387558    0.434618   0.0345479
     2.92271    0.263004    0.327996   0.0244916
     3.11127    0.276508    0.271677    0.023347
     3.29983    0.219596    0.190416   0.0149729
     3.48839    0.157356    0.154894   0.0108892
     3.67696    0.136756    0.115059   0.0151362
     3.86552   0.0932988   0.0900895   0.0118297
     4.05408    0.154851    0.100326    0.014574
     4.24264   0.0508233   0.0585257  0.00904855
      4.4312   0.0855648   0.0382753  0.00681531
     4.61976   0.0355763   0.0346468  0.00644537
     4.80833  0.00510688   0.0191192  0.00549724
     4.99689 0.000122762     0.01336  0.00397693
     5.18545  0.00454218  0.00977884  0.00293907
     5.37401   0.0101892  0.00572069  0.00173423
     5.56257           0  0.00611002   0.0018967


   0.0942809           0 0.000896978 0.000480249
    0.282843 0.000441942   0.0187825   0.0068514
    0.471405   0.0125953   0.0411464   0.0075167
    0.659966    0.102408   0.0781435   0.0115208
    0.848528    0.139187    0.142762   0.0174894
     1.03709    0.147044    0.178707   0.0238473
     1.22565    0.283211    0.228091   0.0199448
     1.41421    0.345967     0.34768    0.055344
     1.60278    0.285568    0.272262   0.0260585
     1.79134     0.35208    0.313394   0.0294433
      1.9799    0.380365    0.337702   0.0353408
     2.16846    0.407249    0.367684   0.0307427
     2.35702    0.392984    0.494299   0.0557034
     2.54558    0.336146    0.568969    0.174616
     2.73415    0.507791    0.439496   0.0325873
     2.92271    0.358611    0.330037   0.0229437
     3.11127    0.314392    0.274524   0.0219635
     3.29983    0.244443    0.194017   0.0144014
     3.48839    0.153403    0.154794   0.0101637
     3.67696    0.117507    0.115222    0.014128
     3.86552    0.117949   0.0919468   0.0111859
     4.05408   0.0742462   0.0985874   0.0137057
     4.24264   0.0745163   0.0595918  0.00850788
      4.4312   0.0625593   0.0398942  0.00655042
     4.61976   0.0308623   0.0343945  0.00602062
     4.80833   0.0322372   0.0199938  0.00519985
     4.99689   0.0204521   0.0138328   0.0037398
     5.18545  0.00481225  0.00944773  0.00276172
     5.37401   0.0042721  0.00562412   0.0016213
     5.56257           0  0.00570269  0.00181346


   0.0942809           0 0.000840917 0.000453494
    0.282843  0.00955085   0.0182055  0.00644744
    0.471405   0.0640079   0.0425753  0.00718142
    0.659966    0.105894   0.0798779   0.0109305
    0.848528    0.129833    0.141954   0.0164149
     1.03709    0.103979    0.174036   0.0228096
     1.22565      0.2276     0.22806   0.0186983
     1.41421    0.321022    0.346014   0.0519101
     1.60278    0.298311     0.27389   0.0244807
     1.79134    0.376068    0.317311   0.0278625
      1.9799    0.402216    0.341735   0.0333612
     2.16846    0.451738    0.372937   0.0292667
     2.35702    0.508258    0.495171   0.0522288
     2.54558    0.435779    0.560645    0.163901
     2.73415    0.317903    0.431897   0.0314242
     2.92271    0.176899    0.320466   0.0234211
     3.11127    0.337619    0.278468   0.0209418
     3.29983    0.285715    0.199748   0.0145972
     3.48839    0.189102    0.156938  0.00975202
     3.67696    0.175377    0.118982   0.0137361
     3.86552   0.0704652   0.0906042    0.010567
     4.05408   0.0454218   0.0952645   0.0132458
     4.24264   0.0912119    0.061568  0.00820245
      4.4312   0.0652846   0.0414811  0.00633032
     4.61976   0.0541379   0.0356285  0.00576939
     4.80833   0.0250679   0.0203109  0.00488452
     4.99689   0.0181687   0.0141038  0.00351587
     5.18545   0.0144122  0.00975801  0.00260649
     5.37401  0.00225881  0.00541379  0.00153355
     5.56257           0  0.00534627  0.00173479


   0.0942809 0.000122762 0.000798672 0.000428781
    0.282843  0.00162045     0.01723  0.00614155
    0.471405  0.00775853   0.0405272  0.00704497
    0.659966    0.135529   0.0831515   0.0107666
    0.848528    0.168552    0.143518   0.0155237
     1.03709    0.202041    0.175683   0.0215273
     1.22565    0.261261    0.230013   0.0177001
     1.41421    0.332193    0.345201   0.0488629
     1.60278    0.305013    0.275721    0.023109
     1.79134     0.44835    0.325019   0.0272689
      1.9799    0.355076    0.342519    0.031408
     2.16846    0.366149    0.372538   0.0275478
     2.35702    0.343266    0.486236    0.049915
     2.54558    0.368039    0.549315    0.154651
     2.73415    0.288932    0.423487   0.0306804
     2.92271    0.385962    0.324319   0.0223581
     3.11127    0.306339    0.280107    0.019774
     3.29983    0.237961    0.201996   0.0139105
     3.48839    0.150899    0.156583  0.00918484
     3.67696    0.134547    0.119898   0.0129586
     3.86552    0.113947   0.0919773   0.0100343
     4.05408   0.0650636    0.093488   0.0125852
     4.24264   0.0653092   0.0617881  0.00772291
      4.4312   0.0994614   0.0448917  0.00681507
     4.61976   0.0783219   0.0381399  0.00595156
     4.80833   0.0408796   0.0215208  0.00474468
     4.99689   0.0244296   0.0147112  0.00336111
     5.18545   0.0162782   0.0101416  0.00248122
     5.37401           0  0.00509533  0.00147604
     5.56257           0  0.00503178  0.00166101


   0.0942809           0 0.000754302 0.000407249
    0.282843  0.00552427   0.0165796  0.00583468
    0.471405   0.0234966   0.0395811  0.00671682
    0.659966   0.0630504   0.0820348   0.0102262
    0.848528    0.180803     0.14559   0.0147989
     1.03709    0.207762    0.177466   0.0204049
     1.22565    0.285814    0.233113    0.016986
     1.41421    0.300299    0.342707   0.0462119
     1.60278    0.351417    0.279926   0.0222045
     1.79134    0.322372    0.324872   0.0257544
      1.9799    0.425393    0.347123   0.0299987
     2.16846    0.301723    0.368604   0.0262968
     2.35702    0.425786    0.482877   0.0472548
     2.54558    0.319327    0.536538    0.146586
     2.73415    0.368162    0.420413   0.0291295
     2.92271    0.361656    0.326393   0.0212119
     3.11127    0.280584    0.280134   0.0186755
     3.29983    0.202139    0.202004   0.0131377
     3.48839    0.164672    0.157033  0.00868556
     3.67696    0.221143    0.125522   0.0134039
     3.86552    0.120085   0.0935389  0.00959755
     4.05408    0.134448   0.0957636     0.01209
     4.24264    0.107957    0.064353  0.00770802
      4.4312    0.065481   0.0460356  0.00653174
     4.61976   0.0408551   0.0382907  0.00562283
     4.80833   0.0187089   0.0213646  0.00448366
     4.99689  0.00402658   0.0141176  0.00322637
     5.18545 0.000613808  0.00961223  0.00239917
     5.37401           0  0.00481225  0.00142092
     5.56257           0  0.00475224  0.00159208


   0.0942809           0 0.000714602 0.000387745
    0.282843  0.00324091   0.0158776  0.00556966
    0.471405   0.0457901   0.0399079  0.00637125
    0.659966    0.124824   0.0842868  0.00993285
    0.848528    0.113898    0.143922   0.0141137
     1.03709    0.248862    0.181223    0.019674
     1.22565    0.264895    0.234786   0.0161742
     1.41421    0.260009    0.338354   0.0439842
     1.60278    0.320113    0.282042   0.0211363
     1.79134    0.263029    0.321617   0.0246037
      1.9799     0.42807    0.351384   0.0287207
     2.16846    0.400006    0.370257   0.0249646
     2.35702    0.428364    0.480008   0.0448547
     2.54558    0.410883    0.529924     0.13902
     2.73415    0.419133    0.420346   0.0275965
     2.92271    0.218958    0.320739   0.0208356
     3.11127    0.225759    0.277272   0.0179105
     3.29983    0.225832    0.203258    0.012506
     3.48839    0.214268    0.160045  0.00873521
     3.67696    0.205405    0.129727   0.0133415
     3.86552    0.134178   0.0956778  0.00932771
     4.05408    0.122197   0.0971548   0.0115334
     4.24264   0.0485154   0.0635194  0.00734727
      4.4312   0.0914819   0.0484275  0.00661143
     4.61976   0.0672488   0.0398148   0.0055296
     4.80833   0.0138966   0.0209716  0.00426487
     4.99689  0.00348643    0.013558   0.0031047
     5.18545  0.00095754  0.00915672  0.00231574
     5.37401           0  0.00455898  0.00136852
     5.56257           0  0.00450212  0.00152781


   0.0942809           0 0.000678872 0.000370001
    0.282843   0.0090107   0.0155343  0.00530175
    0.471405   0.0126199   0.0385435  0.00619706
    0.659966   0.0501604   0.0825805  0.00958164
    0.848528   0.0689675    0.140174   0.0138967
     1.03709     0.20894    0.182609    0.018739
     1.22565    0.221486    0.234121   0.0153791
     1.41421    0.195093    0.331191   0.0423643
     1.60278     0.27808    0.281843   0.0200804
     1.79134    0.419305    0.326502   0.0238534
      1.9799    0.444667    0.356048   0.0276608
     2.16846    0.394899    0.371489   0.0237468
     2.35702    0.406636     0.47634   0.0427618
     2.54558    0.459423    0.526399    0.132114
     2.73415    0.390848    0.418871    0.026256
     2.92271    0.416506    0.325527   0.0203366
     3.11127    0.258413    0.276329   0.0170398
     3.29983    0.359667    0.211079   0.0141157
     3.48839    0.239238    0.164005    0.009152
     3.67696    0.164427    0.131462   0.0127868
     3.86552    0.103832   0.0960855  0.00887023
     4.05408   0.0917275   0.0968834   0.0109599
     4.24264   0.0240858   0.0615478  0.00723963
      4.4312    0.055611   0.0487867  0.00629061
     4.61976   0.0217779    0.038913  0.00532615
     4.80833  0.00223426   0.0200347  0.00415326
     4.99689  0.00564703   0.0131625  0.00297456
     5.18545           0  0.00869889  0.00224475
     5.37401           0  0.00433103  0.00131895
     5.56257           0  0.00427701  0.00146791


