# GEN: 	 LUNGHEZZA DEL MIGLIORE: 	 LUNGHEZZA MEDIA:
1	433.365	501.139
2	412.366	471.939
3	401.586	448.284
4	393.158	432.534
5	382.743	418.661
6	376.356	406.818
7	360.141	398.815
8	359.837	389.318
9	357.615	379.321
10	346.227	372.55
11	333.758	366.87
12	328.652	361.165
13	326.812	354.168
14	321.877	347.842
15	319.122	340.454
16	310.33	334.127
17	310.543	328.841
18	304.901	323.597
19	299.731	318.996
20	295.411	315.878
21	287.411	311.002
22	285.652	305.848
23	278.823	302.847
24	278.823	297.955
25	276.278	293.2
26	274.04	287.536
27	270.349	282.942
28	267.859	278.998
29	264.168	276.173
30	262.816	273.06
31	255.462	270.28
32	249.361	268.043
33	247.885	264.875
34	245.656	259.981
35	241.774	254.783
36	233.639	250.313
37	234.427	247.203
38	234.427	244.869
39	231.228	242.472
40	228.938	241.165
41	224.589	240.463
42	220.489	238.598
43	218.906	235.672
44	214.673	231.822
45	214.358	226.779
46	211.691	222.667
47	209.957	219.882
48	208.711	216.803
49	206.085	214.483
50	204.035	211.978
51	198.9	210.148
52	198.188	207.786
53	197.66	205.146
54	193.905	202.675
55	191.799	200.593
56	191.799	198.635
57	190.032	196.035
58	188.392	194.519
59	187.822	193.506
60	188.392	192.813
61	185.877	191.194
62	185.877	190.058
63	181.885	189.373
64	180.629	188.186
65	177.059	186.914
66	175.574	184.834
67	173.157	182.845
68	173.157	180.732
69	171.404	178.323
70	171.404	177.205
71	171.073	175.016
72	168.349	173.287
73	167.429	171.808
74	164.38	170.44
75	164.38	169.08
76	164.125	167.651
77	161.646	166.477
78	160.512	164.752
79	158.378	163.426
80	156.997	162.182
81	156.997	160.628
82	156.997	159.26
83	155.931	158.552
84	154.954	157.774
85	154.954	157.196
86	154.422	156.505
87	153.743	156.024
88	152.622	155.488
89	152.117	154.984
90	151.705	154.408
91	151.402	153.91
92	150.494	153.152
93	150.399	152.764
94	147.822	152.3
95	147.236	151.726
96	145.752	150.752
97	145.957	149.742
98	144.798	148.392
99	143.87	147.355
100	143.87	146.227
101	143.12	145.142
102	141.528	144.715
103	141.221	145.078
104	141.221	146.318
105	140.437	147.061
106	140.407	147.669
107	139.855	149.312
108	138.426	146.685
109	138.426	144.873
110	138.169	142.617
111	138.169	141.649
112	138.169	140.324
113	137.346	139.185
114	135.378	138.668
115	134.539	137.982
116	132.997	137.401
117	132.324	136.455
118	132.324	135.339
119	132.324	134.098
120	130.791	133.491
121	130.791	132.897
122	130.661	132.822
123	129.769	132.546
124	129.639	132.029
125	129.491	131.863
126	128.469	131.489
127	128.469	130.487
128	127.944	129.973
129	127.492	129.269
130	125.45	128.855
131	125.114	128.316
132	125.003	127.352
133	124.867	126.918
134	124.702	126.326
135	124.34	125.928
136	124.34	125.378
137	123.439	125.109
138	123.439	124.763
139	123.439	124.326
140	123.296	123.975
141	122.834	123.639
142	122.834	123.412
143	122.834	123.203
144	121.556	123.005
145	121.399	122.764
146	120.841	122.391
147	120.685	121.826
148	119.747	121.278
149	119.279	120.929
150	119.033	120.556
151	118.859	120.174
152	117.649	119.773
153	117.207	119.334
154	117.207	118.741
155	117.207	118.038
156	116.672	117.574
157	116.672	117.319
158	116.167	117.135
159	116.167	116.956
160	115.632	116.682
161	115.632	116.479
162	113.966	116.286
163	113.325	116.001
164	112.91	115.743
165	112.542	114.857
166	112.339	114.191
167	111.938	113.693
168	111.735	112.914
169	111.542	112.621
170	111.091	112.386
171	110.143	112.24
172	109.902	111.892
173	109.902	111.525
174	109.863	111.109
175	109.556	110.532
176	109.342	110.421
177	109.213	110.64
178	109.111	110.705
179	108.419	110.363
180	108.211	110.362
181	107.502	110.248
182	107.37	110.272
183	105.822	110.198
184	105.768	110.38
185	105.659	109.769
186	105.52	109.029
187	104.005	108.196
188	104.65	107.778
189	104.005	107.251
190	103.877	106.699
191	103.903	105.84
192	103.782	105.334
193	103.171	104.543
194	102.913	104.343
195	102.913	104.107
196	102.465	103.745
197	102.268	103.521
198	101.786	103.482
199	101.786	103.421
200	101.786	103.013
201	101.786	102.84
202	101.786	102.636
203	100.139	101.97
204	101.083	101.846
205	101.083	101.704
206	101.083	101.596
207	101.083	101.383
208	101.083	101.174
209	100.697	101.094
210	100.697	101.068
211	99.706	101.01
212	99.706	101.025
213	99.4417	100.761
214	98.6151	100.399
215	98.3981	99.9043
216	98.1338	99.5541
217	97.3519	99.2013
218	97.0876	98.8661
219	97.0876	98.4565
220	95.8135	98.02
221	95.8135	97.4951
222	93.9688	97.0259
223	93.8867	96.5726
224	93.483	95.4394
225	93.483	94.7033
226	93.483	94.4176
227	93.2702	94.0016
228	93.2702	93.6316
229	93.2702	93.5017
230	93.2702	93.4155
231	93.2702	93.3392
232	93.2702	93.2919
233	92.5729	93.2815
234	92.5729	93.2849
235	92.5729	93.4097
236	92.5729	94.0841
237	92.5729	95.5
238	92.4507	95.8083
239	92.3593	95.2199
240	92.4188	95.0657
241	91.088	94.4661
242	91.088	94.0654
243	90.951	93.3321
244	90.951	92.9578
245	90.951	92.5769
246	90.951	92.0255
247	90.951	91.496
248	90.951	91.1611
249	90.951	91.0296
250	90.951	90.954
251	90.951	90.9511
252	90.951	90.951
253	90.951	90.951
254	90.951	90.951
255	90.951	90.951
256	90.8778	90.9508
257	90.0511	90.9392
258	89.2534	90.9217
259	89.2534	91.2964
260	89.2534	91.9972
261	89.1835	92.547
262	87.3945	93.2824
263	86.8577	92.6111
264	86.8577	91.9387
265	86.6991	91.6451
266	86.6991	91.0083
267	86.6991	89.6692
268	86.6991	88.8807
269	86.6991	88.1948
270	86.6991	87.9141
271	86.6991	87.5722
272	86.6991	87.3898
273	86.6991	86.9816
274	86.3113	87.0224
275	86.3113	87.5548
276	86.3113	88.0636
277	86.3113	89.1819
278	86.3113	91.6369
279	85.9348	93.0814
280	85.9348	93.3419
281	85.5871	93.001
282	85.5871	92.0501
283	85.5871	90.9624
284	85.569	89.7121
285	85.569	87.6707
286	85.569	86.5488
287	85.2544	85.765
288	85.2544	85.6901
289	85.2362	85.775
290	85.0021	85.7657
291	84.8844	85.9492
292	84.8844	85.7485
293	84.8844	85.6367
294	84.0904	85.9013
295	84.0904	86.5329
296	84.0904	87.0694
297	84.0904	86.7933
298	83.8382	86.8292
299	83.8382	86.7494
300	83.8382	86.852
301	83.8382	86.6618
302	83.8382	85.9699
303	83.8382	85.3885
304	83.8382	84.7886
305	83.8382	84.8088
306	83.7794	84.5762
307	83.689	84.0584
308	83.689	83.9583
309	83.3993	83.7872
310	83.0991	83.7053
311	83.0991	83.789
312	83.0991	83.7507
313	82.8437	83.814
314	82.8437	83.8198
315	82.8437	84.1801
316	82.8437	85.3234
317	82.8437	85.6078
318	82.8437	85.9246
319	82.8437	85.4978
320	82.8437	84.1776
321	82.8437	83.7606
322	82.8437	83.243
323	82.8437	82.9447
324	82.8437	82.8437
325	82.8437	82.8437
326	82.8437	82.8437
327	82.8437	82.8437
328	82.8437	82.8437
329	82.8437	82.8437
330	82.0364	82.829
331	82.4054	82.7953
332	82.0364	82.7735
333	81.4086	82.7994
334	81.4086	82.5812
335	81.4086	82.4456
336	81.4086	82.0923
337	81.4086	81.6071
338	81.4086	81.5305
339	81.4086	81.4136
340	81.4086	81.4086
341	81.4086	81.4086
342	80.9522	81.384
343	80.9522	81.2826
344	80.9522	81.1284
345	80.9522	81.0066
346	80.7465	80.945
347	80.7465	80.8917
348	80.7465	80.8333
349	80.7465	80.7976
350	80.5641	80.767
351	80.5641	80.734
352	80.5641	80.6884
353	80.5641	80.6485
354	80.5641	80.6564
355	80.5641	80.5859
356	80.5641	80.5665
357	80.4802	80.5874
358	80.4802	80.9125
359	80.4802	81.1806
360	80.4802	81.3294
361	80.4802	81.2782
362	80.4407	80.8275
363	80.4802	80.6531
364	80.4802	80.6419
365	80.4802	80.4802
366	79.9427	80.4836
367	79.9427	80.8401
368	79.9427	81.087
369	79.9427	81.9995
370	79.9427	82.48
371	79.9427	83.3494
372	79.7785	82.1667
373	79.7785	81.4128
374	79.7785	81.0546
375	79.7785	80.6626
376	79.7785	79.9212
377	79.7785	79.8015
378	79.7785	79.7878
379	79.7785	79.7785
380	79.7785	79.7785
381	79.7785	79.7785
382	79.7785	79.7785
383	79.7785	79.7785
384	79.7785	79.7785
385	79.7785	79.7785
386	79.7785	79.7785
387	79.7785	79.7785
388	79.6375	79.7782
389	79.6375	79.7711
390	79.6375	79.7441
391	79.6375	79.7049
392	79.6375	79.6691
393	79.6375	79.6465
394	79.4795	79.6309
395	79.4795	79.6072
396	79.4795	79.5695
397	79.4795	79.5252
398	79.3765	79.5013
399	79.2595	79.4589
400	79.2595	79.4191
401	79.2595	79.3717
402	73.0555	79.1075
403	73.0555	79.3875
404	73.0555	80.3426
405	73.0555	80.0045
406	73.0555	79.2913
407	72.4795	78.1698
408	72.4795	76.3013
409	72.4795	74.8062
410	72.4795	74.2139
411	72.4795	73.6871
412	72.4795	73.0403
413	72.4795	72.9146
414	72.4795	72.5841
415	72.4795	72.5164
416	72.4795	72.4836
417	72.0105	72.4766
418	72.0105	72.3772
419	72.0105	72.2451
420	72.0105	72.1242
421	72.0105	72.0582
422	71.8567	72.0109
423	71.8567	71.9843
424	71.8567	71.9425
425	71.8567	71.9108
426	71.8567	71.8742
427	71.8567	71.8567
428	71.8567	71.8567
429	71.8567	71.8567
430	71.8567	71.8567
431	71.8567	71.8567
432	71.5302	71.8394
433	71.4891	71.7828
434	71.393	71.6962
435	71.393	71.5776
436	71.2663	71.4768
437	71.2663	71.4177
438	71.2663	71.3688
439	71.0412	71.3153
440	71.0412	71.2377
441	71.0412	71.1499
442	71.0412	71.104
443	71.0412	71.0506
444	71.0412	71.0412
445	71.0412	71.0412
446	71.0412	71.0412
447	71.0412	71.0412
448	71.0412	71.0412
449	71.0412	71.0412
450	71.0412	71.0412
451	71.0412	71.0412
452	71.0412	71.0412
453	71.0412	71.0412
454	71.0412	71.0412
455	71.0412	71.0412
456	71.0412	71.0412
457	71.0412	71.0412
458	71.0412	71.0412
459	71.0412	71.0412
460	71.0412	71.0412
461	71.0412	71.0412
462	71.0412	71.0412
463	71.0412	71.0412
464	71.0412	71.0412
465	71.0412	71.0412
466	71.0412	71.0412
467	71.0412	71.0412
468	71.0412	71.0412
469	71.0412	71.0412
470	71.0412	71.0412
471	71.0412	71.0412
472	71.0412	71.0412
473	71.0412	71.0412
474	71.0412	71.0412
475	71.0412	71.0412
476	71.0412	71.0412
477	71.0412	71.0412
478	71.0412	71.0412
479	71.0412	71.0412
480	71.0412	71.0412
481	71.0412	71.0412
482	71.0412	71.0412
483	71.0412	71.0412
484	71.0412	71.0412
485	71.0412	71.0412
486	71.0412	71.0412
487	71.0412	71.0412
488	71.0412	71.0412
489	71.0412	71.0412
490	71.0412	71.0412
491	71.0412	71.0412
492	71.0412	71.0412
493	71.0412	71.0412
494	71.0412	71.0412
495	71.0412	71.0412
496	71.0412	71.0412
497	71.0412	71.0412
498	71.0412	71.0412
499	71.0412	71.0412
500	71.0412	71.0412
501	71.0412	71.0412
502	69.5467	70.9382
503	69.5467	70.6538
504	69.4325	70.3733
505	69.3977	70.0181
506	69.3922	69.7079
507	69.3922	69.5154
508	69.3922	69.4456
509	69.2074	69.4044
510	69.2074	69.3545
511	69.2074	69.2987
512	69.2074	69.2505
513	69.2074	69.2176
514	69.2074	69.2074
515	69.2074	69.2074
516	69.2074	69.2074
517	69.2074	69.2074
518	69.2074	69.2074
519	69.2074	69.2074
520	69.2074	69.2074
521	69.2074	69.2074
522	69.2074	69.2074
523	69.2074	69.2074
524	69.2074	69.2074
525	69.2074	69.2074
526	69.2074	69.2074
527	69.2074	69.2074
528	69.2074	69.2074
529	69.2074	69.2074
530	69.2074	69.2074
531	69.2074	69.2074
532	69.2074	69.2074
533	69.2074	69.2074
534	69.2074	69.2074
535	69.2074	69.2074
536	69.2074	69.2074
537	69.2074	69.2074
538	69.2074	69.2074
539	69.2074	69.2074
540	69.2074	69.2074
541	69.2074	69.2074
542	69.2074	69.2074
543	69.2074	69.2074
544	69.2074	69.2074
545	69.2074	69.2074
546	69.2074	69.2074
547	69.2074	69.2074
548	69.2074	69.2074
549	69.2074	69.2074
550	69.2074	69.2074
551	69.2074	69.2074
552	69.2074	69.2074
553	69.2074	69.2074
554	69.2074	69.2074
555	69.2074	69.2074
556	69.2074	69.2074
557	69.2074	69.2074
558	69.2074	69.2074
559	69.2074	69.2074
560	69.2074	69.2074
561	69.2074	69.2074
562	69.2074	69.2074
563	69.2074	69.2074
564	69.2074	69.2074
565	69.2074	69.2074
566	69.2074	69.2074
567	69.2074	69.2074
568	69.2074	69.2074
569	69.2074	69.2074
570	69.2074	69.2074
571	69.2074	69.2074
572	69.2074	69.2074
573	69.2074	69.2074
574	69.2074	69.2074
575	69.2074	69.2074
576	68.748	69.1955
577	68.748	69.1446
578	68.6599	69.0481
579	68.6599	68.9828
580	68.6599	68.9685
581	68.6599	68.8992
582	68.6599	68.8358
583	68.4952	68.7047
584	68.4072	68.6649
585	68.4072	68.6255
586	68.4072	68.5997
587	68.4072	68.5027
588	68.4072	68.4444
589	68.4072	68.4072
590	68.4072	68.4072
591	68.4072	68.4072
592	68.4072	68.4072
593	68.4072	68.4072
594	68.4072	68.4072
595	68.4072	68.4072
596	68.4072	68.4072
597	68.4072	68.4072
598	68.4072	68.4072
599	68.4072	68.4072
600	68.4072	68.4072
601	68.4072	68.4072
602	67.9103	68.3578
603	67.8153	68.2576
604	67.8153	68.1846
605	67.8153	68.1212
606	67.8153	67.9792
607	67.8153	67.8912
608	67.8153	67.8366
609	67.8153	67.8736
610	67.8153	67.8177
611	67.8153	67.8153
612	67.8153	67.8153
613	67.8153	67.8153
614	67.8153	67.8153
615	67.8153	67.8153
616	67.8153	67.8153
617	67.8153	67.8153
618	67.8153	67.8153
619	67.8153	67.8153
620	67.8153	67.8153
621	67.8153	67.8153
622	67.8153	67.8153
623	67.8153	67.8153
624	67.8153	67.8153
625	67.8153	67.8153
626	67.8153	67.8153
627	67.8153	67.8153
628	67.8153	67.8153
629	67.8153	67.8153
630	67.8153	67.8153
631	67.8153	67.8153
632	67.8153	67.8153
633	67.8153	67.8153
634	67.8153	67.8153
635	67.8153	67.8153
636	67.8153	67.8153
637	67.8153	67.8153
638	67.8153	67.8153
639	67.8153	67.8153
640	67.8153	67.8153
641	67.8153	67.8153
642	67.8153	67.8153
643	67.8153	67.8153
644	67.8153	67.8153
645	67.8153	67.8153
646	67.8153	67.8153
647	67.8153	67.8153
648	67.8153	67.8153
649	67.8153	67.8153
650	67.8153	67.8153
651	67.8153	67.8153
652	67.8153	67.8153
653	67.8153	67.8153
654	67.8153	67.8153
655	67.8153	67.8153
656	67.8153	67.8153
657	67.8153	67.8153
658	67.8153	67.8153
659	67.8153	67.8153
660	67.8153	67.8153
661	67.8153	67.8153
662	67.8153	67.8153
663	67.8153	67.8153
664	67.8153	67.8153
665	67.8153	67.8153
666	67.8153	67.8153
667	67.8153	67.8153
668	67.8153	67.8153
669	67.8153	67.8153
670	67.8153	67.8153
671	67.8153	67.8153
672	67.8153	67.8153
673	67.8153	67.8153
674	67.8153	67.8153
675	67.8153	67.8153
676	67.8153	67.8153
677	67.8153	67.8153
678	67.8153	67.8153
679	67.8153	67.8153
680	67.8153	67.8153
681	67.8153	67.8153
682	67.8153	67.8153
683	67.8153	67.8153
684	67.8153	67.8153
685	67.8153	67.8153
686	67.8153	67.8153
687	67.8153	67.8153
688	67.8153	67.8153
689	67.8153	67.8153
690	67.8153	67.8153
691	67.8153	67.8153
692	67.8153	67.8153
693	67.8153	67.8153
694	67.8153	67.8153
695	67.8153	67.8153
696	67.8153	67.8153
697	67.8153	67.8153
698	67.8153	67.8153
699	67.8153	67.8153
700	67.8153	67.8153
701	67.8153	67.8153
702	67.1246	67.7473
703	67.1246	67.6092
704	67.1246	67.3755
705	67.1246	67.2003
706	67.1246	67.1385
707	67.1246	67.1253
708	67.1246	67.1246
709	67.1246	67.1246
710	67.1246	67.1246
711	67.1246	67.1246
712	67.1246	67.1246
713	67.1246	67.1246
714	67.1246	67.1246
715	67.1246	67.1246
716	67.1246	67.1246
717	67.1246	67.1246
718	67.1246	67.1246
719	67.1246	67.1246
720	67.1246	67.1246
721	67.1246	67.1246
722	67.1246	67.1246
723	67.1246	67.1246
724	67.1246	67.1246
725	67.1246	67.1246
726	67.1246	67.1246
727	67.1246	67.1246
728	67.1246	67.1246
729	67.1246	67.1246
730	67.1246	67.1246
731	67.1246	67.1246
732	67.1246	67.1246
733	67.1246	67.1246
734	67.1246	67.1246
735	67.1246	67.1246
736	67.1246	67.1246
737	67.1246	67.1246
738	67.1246	67.1246
739	67.1246	67.1246
740	67.1246	67.1246
741	67.1246	67.1246
742	67.1246	67.1246
743	67.1246	67.1246
744	67.1246	67.1246
745	67.1246	67.1246
746	67.1246	67.1246
747	67.1246	67.1246
748	67.1246	67.1246
749	67.1246	67.1246
750	67.1246	67.1246
751	67.1246	67.1246
752	67.1246	67.1246
753	67.1246	67.1246
754	67.1246	67.1246
755	67.1246	67.1246
756	67.1246	67.1246
757	67.1246	67.1246
758	67.1246	67.1246
759	67.1246	67.1246
760	67.1246	67.1246
761	67.1246	67.1246
762	67.1246	67.1246
763	67.1246	67.1246
764	67.1246	67.1246
765	67.1246	67.1246
766	67.1246	67.1246
767	67.1246	67.1246
768	67.1246	67.1246
769	67.1246	67.1246
770	67.1246	67.1246
771	67.1246	67.1246
772	67.1246	67.1246
773	67.1246	67.1246
774	67.1246	67.1246
775	67.1246	67.1246
776	67.1246	67.1246
777	67.1246	67.1246
778	67.1246	67.1246
779	67.1246	67.1246
780	67.1246	67.1246
781	67.1246	67.1246
782	67.1246	67.1246
783	67.1246	67.1246
784	67.1246	67.1246
785	67.1246	67.1246
786	67.1246	67.1246
787	67.1246	67.1246
788	67.1246	67.1246
789	67.1246	67.1246
790	67.1246	67.1246
791	67.1246	67.1246
792	67.1246	67.1246
793	67.1246	67.1246
794	67.1246	67.1246
795	67.1246	67.1246
796	67.1246	67.1246
797	67.1246	67.1246
798	67.1246	67.1246
799	67.1246	67.1246
800	67.1246	67.1246
801	66.9347	67.1242
802	66.9347	67.1162
803	66.9347	67.0847
804	66.9347	67.0346
805	66.9347	66.9742
806	66.9347	66.9419
807	66.899	66.9346
808	66.899	66.9328
809	66.899	66.9268
810	66.899	66.9151
811	66.899	66.9046
812	66.899	66.8999
813	66.899	66.899
814	66.899	66.899
815	66.899	66.899
816	66.899	66.899
817	66.899	66.899
818	66.899	66.899
819	66.899	66.899
820	66.899	66.899
821	66.899	66.899
822	66.899	66.899
823	66.899	66.899
824	66.899	66.899
825	66.899	66.899
826	66.899	66.899
827	66.899	66.899
828	66.899	66.899
829	66.899	66.899
830	66.899	66.899
831	66.899	66.899
832	66.899	66.899
833	66.899	66.899
834	66.899	66.899
835	66.899	66.899
836	66.899	66.899
837	66.899	66.899
838	66.899	66.899
839	66.899	66.899
840	66.899	66.899
841	66.899	66.899
842	66.899	66.899
843	66.899	66.899
844	66.899	66.899
845	66.899	66.899
846	66.899	66.899
847	66.899	66.899
848	66.899	66.899
849	66.899	66.899
850	66.899	66.899
851	66.899	66.899
852	66.899	66.899
853	66.899	66.899
854	66.899	66.899
855	66.899	66.899
856	66.899	66.899
857	66.704	66.8986
858	66.704	66.8877
859	66.704	66.8557
860	66.704	66.7914
861	66.704	66.7247
862	66.704	66.704
863	66.704	66.704
864	66.704	66.704
865	66.704	66.704
866	66.704	66.704
867	66.704	66.704
868	66.704	66.704
869	66.704	66.704
870	66.704	66.704
871	66.704	66.704
872	66.4095	66.6887
873	66.4095	66.6298
874	66.4095	66.5544
875	66.4095	66.4723
876	66.4095	66.4138
877	66.4095	66.4095
878	66.4095	66.4095
879	66.4095	66.4095
880	66.4095	66.4095
881	66.4095	66.4095
882	66.4095	66.4095
883	66.4095	66.4095
884	66.4095	66.4095
885	66.4095	66.4095
886	66.4095	66.4095
887	66.4095	66.4095
888	66.4095	66.4095
889	66.4095	66.4095
890	66.4095	66.4095
891	66.4095	66.4095
892	66.4095	66.4095
893	66.4095	66.4095
894	66.4095	66.4095
895	66.4095	66.4095
896	66.4095	66.4095
897	66.4095	66.4095
898	66.4095	66.4095
899	66.4095	66.4095
900	66.4095	66.4095
901	66.4095	66.4095
902	66.4095	66.4095
903	66.4095	66.4095
904	66.4095	66.4095
905	66.4095	66.4095
906	66.4095	66.4095
907	66.4095	66.4095
908	66.4095	66.4095
909	66.4095	66.4095
910	66.4095	66.4095
911	66.4095	66.4095
912	66.4095	66.4095
913	66.4095	66.4095
914	66.4095	66.4095
915	66.4095	66.4095
916	66.4095	66.4095
917	66.4095	66.4095
918	66.4095	66.4095
919	66.4095	66.4095
920	66.4095	66.4095
921	66.4095	66.4095
922	66.4095	66.4095
923	66.4095	66.4095
924	66.4095	66.4095
925	66.4095	66.4095
926	66.4095	66.4095
927	66.4095	66.4095
928	66.4095	66.4095
929	66.4095	66.4095
930	66.4095	66.4095
931	66.4095	66.4095
932	66.4095	66.4095
933	66.4095	66.4095
934	66.4095	66.4095
935	66.4095	66.4095
936	66.4095	66.4095
937	66.4095	66.4095
938	66.4095	66.4095
939	66.4095	66.4095
940	66.4095	66.4095
941	66.4095	66.4095
942	66.4095	66.4095
943	66.4095	66.4095
944	66.4095	66.4095
945	66.4095	66.4095
946	66.4095	66.4095
947	66.4095	66.4095
948	66.4095	66.4095
949	66.4095	66.4095
950	66.4095	66.4095
951	66.4095	66.4095
952	66.4095	66.4095
953	66.4095	66.4095
954	66.4095	66.4095
955	66.4095	66.4095
956	66.4095	66.4095
957	66.4095	66.4095
958	66.4095	66.4095
959	66.4095	66.4095
960	66.4095	66.4095
961	66.4095	66.4095
962	66.4095	66.4095
963	66.4095	66.4095
964	66.4095	66.4095
965	66.4095	66.4095
966	66.4095	66.4095
967	66.4095	66.4095
968	66.4095	66.4095
969	66.4095	66.4095
970	66.4095	66.4095
971	66.4095	66.4095
972	66.4095	66.4095
973	66.4095	66.4095
974	66.4095	66.4095
975	66.4095	66.4095
976	66.4095	66.4095
977	66.4095	66.4095
978	66.4095	66.4095
979	66.4095	66.4095
980	66.4095	66.4095
981	66.4095	66.4095
982	66.4095	66.4095
983	66.4095	66.4095
984	66.4095	66.4095
985	66.4095	66.4095
986	66.4095	66.4095
987	66.4095	66.4095
988	66.4095	66.4095
989	66.4095	66.4095
990	66.4095	66.4095
991	66.4095	66.4095
992	66.4095	66.4095
993	66.4095	66.4095
994	66.4095	66.4095
995	66.4095	66.4095
996	66.4095	66.4095
997	66.4095	66.4095
998	66.4095	66.4095
999	66.4095	66.4095
1000	66.4095	66.4095
1001	66.4095	66.4095
1002	66.4095	66.4095
1003	66.4095	66.4095
1004	66.4095	66.4095
1005	66.4095	66.4095
1006	66.4095	66.4095
1007	66.4095	66.4095
1008	66.4095	66.4095
1009	66.4095	66.4095
1010	66.4095	66.4095
1011	66.4095	66.4095
1012	66.4095	66.4095
1013	66.4095	66.4095
1014	66.4095	66.4095
1015	66.4095	66.4095
1016	66.4095	66.4095
1017	66.4095	66.4095
1018	66.4095	66.4095
1019	66.4095	66.4095
1020	66.4095	66.4095
1021	66.4095	66.4095
1022	66.4095	66.4095
1023	66.4095	66.4095
1024	66.4095	66.4095
1025	66.4095	66.4095
1026	66.4095	66.4095
1027	66.4095	66.4095
1028	66.4095	66.4095
1029	66.4095	66.4095
1030	66.4095	66.4095
1031	66.4095	66.4095
1032	66.4095	66.4095
1033	66.4095	66.4095
1034	66.4095	66.4095
1035	66.4095	66.4095
1036	66.4095	66.4095
1037	66.4095	66.4095
1038	66.4095	66.4095
1039	66.4095	66.4095
1040	66.4095	66.4095
1041	66.4095	66.4095
1042	66.4095	66.4095
1043	66.4095	66.4095
1044	66.4095	66.4095
1045	66.4095	66.4095
1046	66.4095	66.4095
1047	66.4095	66.4095
1048	66.4095	66.4095
1049	66.4095	66.4095
1050	66.4095	66.4095
1051	66.4095	66.4095
1052	66.4095	66.4095
1053	66.4095	66.4095
1054	66.4095	66.4095
1055	66.4095	66.4095
1056	66.4095	66.4095
1057	66.4095	66.4095
1058	66.4095	66.4095
1059	66.4095	66.4095
1060	66.4095	66.4095
1061	66.4095	66.4095
1062	66.4095	66.4095
1063	66.4095	66.4095
1064	66.4095	66.4095
1065	66.4095	66.4095
1066	66.4095	66.4095
1067	66.4095	66.4095
1068	66.4095	66.4095
1069	66.4095	66.4095
1070	66.4095	66.4095
1071	66.4095	66.4095
1072	66.4095	66.4095
1073	66.4095	66.4095
1074	66.4095	66.4095
1075	66.4095	66.4095
1076	66.4095	66.4095
1077	66.4095	66.4095
1078	66.4095	66.4095
1079	66.4095	66.4095
1080	66.4095	66.4095
1081	66.4095	66.4095
1082	66.4095	66.4095
1083	66.4095	66.4095
1084	66.4095	66.4095
1085	66.4095	66.4095
1086	66.4095	66.4095
1087	66.4095	66.4095
1088	66.4095	66.4095
1089	66.4095	66.4095
1090	66.4095	66.4095
1091	66.4095	66.4095
1092	66.4095	66.4095
1093	66.4095	66.4095
1094	66.4095	66.4095
1095	66.4095	66.4095
1096	66.4095	66.4095
1097	66.4095	66.4095
1098	66.4095	66.4095
1099	66.4095	66.4095
1100	66.4095	66.4095
1101	66.4095	66.4095
1102	66.4095	66.4095
1103	66.4095	66.4095
1104	66.4095	66.4095
1105	66.4095	66.4095
1106	66.4095	66.4095
1107	66.4095	66.4095
1108	66.4095	66.4095
1109	66.4095	66.4095
1110	66.4095	66.4095
1111	66.4095	66.4095
1112	66.4095	66.4095
1113	66.4095	66.4095
1114	66.4095	66.4095
1115	66.4095	66.4095
1116	66.4095	66.4095
1117	66.4095	66.4095
1118	66.4095	66.4095
1119	66.4095	66.4095
1120	66.4095	66.4095
1121	66.4095	66.4095
1122	66.4095	66.4095
1123	66.4095	66.4095
1124	66.4095	66.4095
1125	66.4095	66.4095
1126	66.4095	66.4095
1127	66.4095	66.4095
1128	66.4095	66.4095
1129	66.4095	66.4095
1130	66.4095	66.4095
1131	66.4095	66.4095
1132	66.4095	66.4095
1133	66.4095	66.4095
1134	66.4095	66.4095
1135	66.4095	66.4095
1136	66.4095	66.4095
1137	66.4095	66.4095
1138	66.4095	66.4095
1139	66.4095	66.4095
1140	66.4095	66.4095
1141	66.4095	66.4095
1142	66.4095	66.4095
1143	66.4095	66.4095
1144	66.4095	66.4095
1145	66.4095	66.4095
1146	66.4095	66.4095
1147	66.4095	66.4095
1148	66.4095	66.4095
1149	66.4095	66.4095
1150	66.4095	66.4095
1151	66.4095	66.4095
1152	66.4095	66.4095
1153	66.4095	66.4095
1154	66.4095	66.4095
1155	66.4095	66.4095
1156	66.4095	66.4095
1157	66.4095	66.4095
1158	66.4095	66.4095
1159	66.4095	66.4095
1160	66.4095	66.4095
1161	66.4095	66.4095
1162	66.4095	66.4095
1163	66.4095	66.4095
1164	66.4095	66.4095
1165	66.4095	66.4095
1166	66.4095	66.4095
1167	66.4095	66.4095
1168	66.4095	66.4095
1169	66.4095	66.4095
1170	66.4095	66.4095
1171	66.4095	66.4095
1172	66.4095	66.4095
1173	66.4095	66.4095
1174	66.4095	66.4095
1175	66.4095	66.4095
1176	66.4095	66.4095
1177	66.4095	66.4095
1178	66.4095	66.4095
1179	66.4095	66.4095
1180	66.4095	66.4095
1181	66.4095	66.4095
1182	66.4095	66.4095
1183	66.4095	66.4095
1184	66.4095	66.4095
1185	66.4095	66.4095
1186	66.4095	66.4095
1187	66.4095	66.4095
1188	66.4095	66.4095
1189	66.4095	66.4095
1190	66.4095	66.4095
1191	66.4095	66.4095
1192	66.4095	66.4095
1193	66.4095	66.4095
1194	66.4095	66.4095
1195	66.4095	66.4095
1196	66.4095	66.4095
1197	66.4095	66.4095
1198	66.4095	66.4095
1199	66.4095	66.4095
1200	66.4095	66.4095
1201	66.4095	66.4095
1202	66.4095	66.4095
1203	66.4095	66.4095
1204	66.4095	66.4095
1205	66.4095	66.4095
1206	66.4095	66.4095
1207	66.4095	66.4095
1208	66.4095	66.4095
1209	66.4095	66.4095
1210	66.4095	66.4095
1211	66.4095	66.4095
1212	66.4095	66.4095
1213	66.4095	66.4095
1214	66.4095	66.4095
1215	66.4095	66.4095
1216	66.4095	66.4095
1217	66.4095	66.4095
1218	66.4095	66.4095
1219	66.4095	66.4095
1220	66.4095	66.4095
1221	66.4095	66.4095
1222	66.4095	66.4095
1223	66.4095	66.4095
1224	66.4095	66.4095
1225	66.4095	66.4095
1226	66.4095	66.4095
1227	66.4095	66.4095
1228	66.4095	66.4095
1229	66.4095	66.4095
1230	66.4095	66.4095
1231	66.4095	66.4095
1232	66.4095	66.4095
1233	66.4095	66.4095
1234	66.4095	66.4095
1235	66.4095	66.4095
1236	66.4095	66.4095
1237	66.4095	66.4095
1238	66.4095	66.4095
1239	66.4095	66.4095
1240	66.4095	66.4095
1241	66.4095	66.4095
1242	66.4095	66.4095
1243	66.4095	66.4095
1244	66.4095	66.4095
1245	66.4095	66.4095
1246	66.4095	66.4095
1247	66.4095	66.4095
1248	66.4095	66.4095
1249	66.4095	66.4095
1250	66.4095	66.4095
1251	66.4095	66.4095
1252	66.4095	66.4095
1253	66.4095	66.4095
1254	66.4095	66.4095
1255	66.4095	66.4095
1256	66.4095	66.4095
1257	66.4095	66.4095
1258	66.4095	66.4095
1259	66.4095	66.4095
1260	66.4095	66.4095
1261	66.4095	66.4095
1262	66.4095	66.4095
1263	66.4095	66.4095
1264	66.4095	66.4095
1265	66.4095	66.4095
1266	66.4095	66.4095
1267	66.4095	66.4095
1268	66.4095	66.4095
1269	66.4095	66.4095
1270	66.4095	66.4095
1271	66.4095	66.4095
1272	66.4095	66.4095
1273	66.4095	66.4095
1274	66.4095	66.4095
1275	66.4095	66.4095
1276	66.4095	66.4095
1277	66.4095	66.4095
1278	66.4095	66.4095
1279	66.4095	66.4095
1280	66.4095	66.4095
1281	66.4095	66.4095
1282	66.4095	66.4095
1283	66.4095	66.4095
1284	66.4095	66.4095
1285	66.4095	66.4095
1286	66.4095	66.4095
1287	66.4095	66.4095
1288	66.4095	66.4095
1289	66.4095	66.4095
1290	66.4095	66.4095
1291	66.4095	66.4095
1292	66.4095	66.4095
1293	66.4095	66.4095
1294	66.4095	66.4095
1295	66.4095	66.4095
1296	66.4095	66.4095
1297	66.4095	66.4095
1298	66.4095	66.4095
1299	66.4095	66.4095
1300	66.4095	66.4095
1301	66.4095	66.4095
1302	66.1738	66.556
1303	66.1738	67.8155
1304	66.1738	68.7994
1305	66.1738	70.7713
1306	66.1738	72.9123
1307	66.1738	72.6157
1308	66.1738	72.719
1309	66.1738	71.816
1310	66.1738	70.2415
1311	66.1738	68.0879
1312	66.1738	67.8702
1313	66.1738	66.9796
1314	66.1738	66.1738
1315	66.1738	66.1738
1316	66.1738	66.1738
1317	66.1738	66.1738
1318	66.1738	66.1738
1319	66.1738	66.1738
1320	66.1738	66.1738
1321	66.1738	66.1738
1322	66.1738	66.1738
1323	66.1738	66.1738
1324	66.1738	66.1738
1325	66.1738	66.1738
1326	66.1738	66.1738
1327	66.1738	66.1738
1328	66.1738	66.1738
1329	66.1738	66.1738
1330	66.1738	66.1738
1331	66.1738	66.1738
1332	66.1738	66.1738
1333	66.1738	66.1738
1334	66.1738	66.1738
1335	66.1738	66.1738
1336	66.1738	66.1738
1337	66.1738	66.1738
1338	66.1738	66.1738
1339	66.1738	66.1738
1340	66.1738	66.1738
1341	66.1738	66.1738
1342	66.1738	66.1738
1343	66.1738	66.1738
1344	66.1738	66.1738
1345	66.1738	66.1738
1346	66.1738	66.1738
1347	66.1738	66.1738
1348	66.1738	66.1738
1349	66.1738	66.1738
1350	66.1738	66.1738
1351	66.1738	66.1738
1352	66.1738	66.1738
1353	66.1738	66.1738
1354	66.1738	66.1738
1355	66.1738	66.1738
1356	66.1738	66.503
1357	66.1738	67.4375
1358	66.1738	68.7893
1359	66.1738	70.2386
1360	66.1738	71.4378
1361	66.1738	71.564
1362	66.1738	71.455
1363	66.1738	70.1775
1364	66.1738	69.4054
1365	66.1738	68.1731
1366	66.1738	66.8708
1367	66.1738	66.2688
1368	66.1738	66.1784
1369	66.1738	66.1738
1370	66.1738	66.1738
1371	66.1738	66.1738
1372	66.1738	66.1738
1373	66.1738	66.1738
1374	66.1738	66.1738
1375	66.1738	66.1738
1376	66.1738	66.1738
1377	66.1738	66.1738
1378	66.1738	66.1738
1379	66.1738	66.1738
1380	66.1738	66.1738
1381	66.1738	66.1738
1382	66.1738	66.1738
1383	66.1738	66.1738
1384	66.1738	66.1738
1385	66.1738	66.1738
1386	66.1738	66.1738
1387	66.1738	66.1738
1388	66.1738	66.1738
1389	66.1738	66.1738
1390	66.1738	66.1738
1391	66.1738	66.1738
1392	66.1738	66.1738
1393	66.1738	66.1738
1394	66.1738	66.1738
1395	66.1738	66.1738
1396	66.1738	66.1738
1397	66.1738	66.1738
1398	66.1738	66.1738
1399	66.1738	66.1738
1400	66.1738	66.1738
1401	66.1738	66.1738
1402	66.1738	66.1738
1403	66.1738	66.1738
1404	66.1738	66.1738
1405	66.1738	66.1738
1406	66.1738	66.1738
1407	66.1738	66.1738
1408	66.1738	66.1738
1409	66.1738	66.1738
1410	66.1738	66.1738
1411	66.1738	66.1738
1412	66.1738	66.1738
1413	66.1738	66.1738
1414	66.1738	66.1738
1415	66.1738	66.1738
1416	66.1738	66.1738
1417	66.1738	66.1738
1418	66.1738	66.1738
1419	66.1738	66.1738
1420	66.1738	66.1738
1421	66.1738	66.1738
1422	66.1738	66.1738
1423	66.1738	66.1738
1424	66.1738	66.1738
1425	66.1738	66.1738
1426	66.1738	66.1738
1427	66.1738	66.1738
1428	66.1738	66.1738
1429	66.1738	66.1738
1430	66.1738	66.1738
1431	66.1738	66.1738
1432	66.1738	66.1738
1433	66.1738	66.1738
1434	66.1738	66.1738
1435	66.1738	66.1738
1436	66.1738	66.1738
1437	66.1738	66.1738
1438	66.1738	66.1738
1439	66.1738	66.1738
1440	66.1738	66.1738
1441	66.1738	66.1738
1442	66.1738	66.1738
1443	66.1738	66.1738
1444	66.1738	66.1738
1445	66.1738	66.1738
1446	66.1738	66.1738
1447	66.1738	66.1738
1448	66.1738	66.1738
1449	66.1738	66.1738
1450	66.1738	66.1738
1451	66.1738	66.1738
1452	66.1738	66.1738
1453	66.1738	66.1738
1454	66.1738	66.1738
1455	66.1738	66.1738
1456	66.1738	66.1738
1457	66.1738	66.1738
1458	66.1738	66.1738
1459	66.1738	66.1738
1460	66.1738	66.1738
1461	66.1738	66.1738
1462	66.1738	66.1738
1463	66.1738	66.1738
1464	66.1738	66.1738
1465	66.1738	66.1738
1466	66.1738	66.1738
1467	66.1738	66.1738
1468	66.1738	66.1738
1469	66.1738	66.1738
1470	66.1738	66.1738
1471	66.1738	66.1738
1472	66.1738	66.1738
1473	66.1738	66.1738
1474	66.1738	66.1738
1475	66.1738	66.1738
1476	66.1738	66.1738
1477	66.1738	66.1738
1478	66.1738	66.1738
1479	66.1738	66.1738
1480	66.1738	66.1738
1481	66.1738	66.1738
1482	66.1738	66.1738
1483	66.1738	66.1738
1484	66.1738	66.1738
1485	66.1738	66.1738
1486	66.1738	66.1738
1487	66.1738	66.1738
1488	66.1738	66.1738
1489	66.1738	66.1738
1490	66.1738	66.1738
1491	66.1738	66.1738
1492	66.1738	66.1738
1493	66.1738	66.1738
1494	66.1738	66.1738
1495	66.1738	66.1738
1496	66.1738	66.1738
1497	66.1738	66.1738
1498	66.1738	66.1738
1499	66.1738	66.1738
1500	66.1738	66.1738
1501	66.1738	66.1738
1502	66.1738	66.1738
1503	66.1738	66.1738
1504	66.1738	66.1738
1505	66.1738	66.1738
1506	66.1738	66.1738
1507	66.1738	66.1738
1508	66.1738	66.1738
1509	66.1738	66.1738
1510	66.1738	66.1738
1511	66.1738	66.1738
1512	66.1738	66.1738
1513	66.1738	66.1738
1514	66.1738	66.1738
1515	66.1738	66.1738
1516	66.1738	66.1738
1517	66.1738	66.1738
1518	66.1738	66.1738
1519	66.1738	66.1738
1520	66.1738	66.1738
1521	66.1738	66.1738
1522	66.1738	66.1738
1523	66.1738	66.1738
1524	66.1738	66.1738
1525	66.1738	66.1738
1526	66.1738	66.1738
1527	66.1738	66.1738
1528	66.1738	66.1738
1529	66.1738	66.1738
1530	66.1738	66.1738
1531	66.1738	66.1738
1532	66.1738	66.1738
1533	66.1738	66.1738
1534	66.1738	66.1738
1535	66.1738	66.1738
1536	66.1738	66.1738
1537	66.1738	66.1738
1538	66.1738	66.1738
1539	66.1738	66.1738
1540	66.1738	66.1738
1541	66.1738	66.1738
1542	66.1738	66.1738
1543	66.1738	66.1738
1544	66.1738	66.1738
1545	66.1738	66.1738
1546	66.1738	66.1738
1547	66.1738	66.1738
1548	66.1738	66.1738
1549	66.1738	66.1738
1550	66.1738	66.1738
1551	66.1738	66.1738
1552	66.1738	66.1738
1553	66.1738	66.1738
1554	66.1738	66.1738
1555	66.1738	66.1738
1556	66.1738	66.1738
1557	66.1738	66.1738
1558	66.1738	66.1738
1559	66.1738	66.1738
1560	66.1738	66.1738
1561	66.1738	66.1738
1562	66.1738	66.1738
1563	66.1738	66.1738
1564	66.1738	66.1738
1565	66.1738	66.1738
1566	66.1738	66.1738
1567	66.1738	66.1738
1568	66.1738	66.1738
1569	66.1738	66.1738
1570	66.1738	66.1738
1571	66.1738	66.1738
1572	66.1738	66.1738
1573	66.1738	66.1738
1574	66.1738	66.1738
1575	66.1738	66.1738
1576	66.1738	66.1738
1577	66.1738	66.1738
1578	66.1738	66.1738
1579	66.1738	66.1738
1580	66.1738	66.1738
1581	66.1738	66.1738
1582	66.1738	66.1738
1583	66.1738	66.1738
1584	66.1738	66.1738
1585	66.1738	66.1738
1586	66.1738	66.1738
1587	66.1738	66.1738
1588	66.1738	66.1738
1589	66.1738	66.1738
1590	66.1738	66.1738
1591	66.1738	66.1738
1592	66.1738	66.1738
1593	66.1738	66.1738
1594	66.1738	66.1738
1595	66.1738	66.1738
1596	66.1738	66.1738
1597	66.1738	66.1738
1598	66.1738	66.1738
1599	66.1738	66.1738
1600	66.1738	66.1738
1601	66.1738	66.1738
1602	66.1738	66.1738
1603	66.1738	66.1738
1604	66.1738	66.1738
1605	66.1738	66.1738
1606	66.1738	66.1738
1607	66.1738	66.1738
1608	66.1738	66.1738
1609	66.1738	66.1738
1610	66.1738	66.1738
1611	66.1738	66.1738
1612	66.1738	66.1738
1613	66.1738	66.1738
1614	66.1738	66.1738
1615	66.1738	66.1738
1616	66.1738	66.1738
1617	66.1738	66.1738
1618	66.1738	66.1738
1619	66.1738	66.1738
1620	66.1738	66.1738
1621	66.1738	66.1738
1622	66.1738	66.1738
1623	66.1738	66.1738
1624	66.1738	66.1738
1625	66.1738	66.1738
1626	66.1738	66.1738
1627	66.1738	66.1738
1628	66.1738	66.1738
1629	66.1738	66.1738
1630	66.1738	66.1738
1631	66.1738	66.1738
1632	66.1738	66.1738
1633	66.1738	66.1738
1634	66.1738	66.1738
1635	66.1738	66.1738
1636	66.1738	66.1738
1637	66.1738	66.1738
1638	66.1738	66.1738
1639	66.1738	66.1738
1640	66.1738	66.1738
1641	66.1738	66.1738
1642	66.1738	66.1738
1643	66.1738	66.1738
1644	66.1738	66.1738
1645	66.1738	66.1738
1646	66.1738	66.1738
1647	66.1738	66.1738
1648	66.1738	66.1738
1649	66.1738	66.1738
1650	66.1738	66.1738
1651	66.1738	66.1738
1652	66.1738	66.1738
1653	66.1738	66.1738
1654	66.1738	66.1738
1655	66.1738	66.1738
1656	66.1738	66.1738
1657	66.1738	66.1738
1658	66.1738	66.1738
1659	66.1738	66.1738
1660	66.1738	66.1738
1661	66.1738	66.1738
1662	66.1738	66.1738
1663	66.1738	66.1738
1664	66.1738	66.1738
1665	66.1738	66.1738
1666	66.1738	66.1738
1667	66.1738	66.1738
1668	66.1738	66.1738
1669	66.1738	66.1738
1670	66.1738	66.1738
1671	66.1738	66.1738
1672	66.1738	66.1738
1673	66.1738	66.1738
1674	66.1738	66.1738
1675	66.1738	66.1738
1676	66.1738	66.1738
1677	66.1738	66.1738
1678	66.1738	66.1738
1679	66.1738	66.1738
1680	66.1738	66.1738
1681	66.1738	66.1738
1682	66.1738	66.1738
1683	66.1738	66.1738
1684	66.1738	66.1738
1685	66.1738	66.1738
1686	66.1738	66.1738
1687	66.1738	66.1738
1688	66.1738	66.1738
1689	66.1738	66.1738
1690	66.1738	66.1738
1691	66.1738	66.1738
1692	66.1738	66.1738
1693	66.1738	66.1738
1694	66.1738	66.1738
1695	66.1738	66.1738
1696	66.1738	66.1738
1697	66.1738	66.1738
1698	66.1738	66.1738
1699	66.1738	66.1738
1700	66.1738	66.1738
1701	66.1738	66.1738
1702	66.1738	66.1738
1703	66.1738	66.1738
1704	66.1738	66.1738
1705	66.1738	66.1738
1706	66.1738	66.1738
1707	66.1738	66.1738
1708	66.1738	66.1738
1709	66.1738	66.1738
1710	66.1738	66.1738
1711	66.1738	66.1738
1712	66.1738	66.1738
1713	66.1738	66.1738
1714	66.1738	66.1738
1715	66.1738	66.1738
1716	66.1738	66.1738
1717	66.1738	66.1738
1718	66.1738	66.1738
1719	66.1738	66.1738
1720	66.1738	66.1738
1721	66.1738	66.1738
1722	66.1738	66.1738
1723	66.1738	66.1738
1724	66.1738	66.1738
1725	66.1738	66.1738
1726	66.1738	66.1738
1727	66.1738	66.1738
1728	66.1738	66.1738
1729	66.1738	66.1738
1730	66.1738	66.1738
1731	66.1738	66.1738
1732	66.1738	66.1738
1733	66.1738	66.1738
1734	66.1738	66.1738
1735	66.1738	66.1738
1736	66.1738	66.1738
1737	66.1738	66.1738
1738	66.1738	66.1738
1739	66.1738	66.1738
1740	66.1738	66.1738
1741	66.1738	66.1738
1742	66.1738	66.1738
1743	66.1738	66.1738
1744	66.1738	66.1738
1745	66.1738	66.1738
1746	66.1738	66.1738
1747	66.1738	66.1738
1748	66.1738	66.1738
1749	66.1738	66.1738
1750	66.1738	66.1738
1751	66.1738	66.1738
1752	66.1738	66.1738
1753	66.1738	66.1738
1754	66.1738	66.1738
1755	66.1738	66.1738
1756	66.1738	66.1738
1757	66.1738	66.1738
1758	66.1738	66.1738
1759	66.1738	66.1738
1760	66.1738	66.1738
1761	66.1738	66.1738
1762	66.1738	66.1738
1763	66.1738	66.1738
1764	66.1738	66.1738
1765	66.1738	66.1738
1766	66.1738	66.1738
1767	66.1738	66.1738
1768	66.1738	66.1738
1769	66.1738	66.1738
1770	66.1738	66.1738
1771	66.1738	66.1738
1772	66.1738	66.1738
1773	66.1738	66.1738
1774	66.1738	66.1738
1775	66.1738	66.1738
1776	66.1738	66.1738
1777	66.1738	66.1738
1778	66.1738	66.1738
1779	66.1738	66.1738
1780	66.1738	66.1738
1781	66.1738	66.1738
1782	66.1738	66.1738
1783	66.1738	66.1738
1784	66.1738	66.1738
1785	66.1738	66.1738
1786	66.1738	66.1738
1787	66.1738	66.1738
1788	66.1738	66.1738
1789	66.1738	66.1738
1790	66.1738	66.1738
1791	66.1738	66.1738
1792	66.1738	66.1738
1793	66.1738	66.1738
1794	66.1738	66.1738
1795	66.1738	66.1738
1796	66.1738	66.1738
1797	66.1738	66.1738
1798	66.1738	66.1738
1799	66.1738	66.1738
1800	66.1738	66.1738
1801	66.1738	66.1738
1802	66.0567	66.1717
1803	66.0567	67.162
1804	66.0567	67.4561
1805	66.0567	68.5303
1806	66.0567	69.6152
1807	66.0567	71.5985
1808	66.0567	72.1099
1809	66.0567	72.6894
1810	66.0567	71.6177
1811	66.0567	70.9759
1812	66.0567	70.8
1813	66.0567	69.7009
1814	66.0567	67.8197
1815	66.0567	66.6444
1816	66.0567	66.0702
1817	66.0567	66.0567
1818	66.0567	66.0567
1819	66.0567	66.0567
1820	66.0567	66.0567
1821	66.0567	66.0567
1822	66.0567	66.0567
1823	66.0567	66.0567
1824	66.0567	66.0567
1825	66.0567	66.0567
1826	66.0567	66.0567
1827	66.0567	66.0567
1828	66.0567	66.0567
1829	66.0567	66.0567
1830	66.0567	66.0567
1831	66.0567	66.0567
1832	66.0567	66.0567
1833	66.0567	66.0567
1834	66.0567	66.0567
1835	66.0567	66.0567
1836	66.0567	66.0567
1837	66.0567	66.0567
1838	66.0567	66.0567
1839	66.0567	66.0567
1840	66.0567	66.0567
1841	66.0567	66.0567
1842	66.0567	66.0567
1843	66.0567	66.0567
1844	66.0567	66.0567
1845	66.0567	66.0567
1846	66.0567	66.0567
1847	66.0567	66.0567
1848	66.0567	66.0567
1849	66.0567	66.0567
1850	66.0567	66.0567
1851	66.0567	66.0567
1852	66.0567	66.0567
1853	66.0567	66.0567
1854	66.0567	66.0567
1855	66.0567	66.0567
1856	66.0567	66.0567
1857	66.0567	66.0567
1858	66.0567	66.0567
1859	66.0567	66.0567
1860	66.0567	66.0567
1861	66.0567	66.0567
1862	66.0567	66.0567
1863	66.0567	66.0567
1864	66.0567	66.0567
1865	66.0567	66.0567
1866	66.0567	66.0567
1867	66.0567	66.0567
1868	66.0567	66.0567
1869	66.0567	66.0567
1870	66.0567	66.0567
1871	66.0567	66.0567
1872	66.0567	66.0567
1873	66.0567	66.0567
1874	66.0567	66.0567
1875	66.0567	66.0567
1876	66.0567	66.0567
1877	66.0567	66.0567
1878	66.0567	66.0567
1879	66.0567	66.0567
1880	66.0567	66.0567
1881	66.0567	66.0567
1882	66.0567	66.0567
1883	66.0567	66.0567
1884	66.0567	66.0567
1885	66.0567	66.0567
1886	66.0567	66.0567
1887	66.0567	66.0567
1888	66.0567	66.0567
1889	66.0567	66.0567
1890	66.0567	66.0567
1891	66.0567	66.0567
1892	66.0567	66.0567
1893	66.0567	66.0567
1894	66.0567	66.0567
1895	66.0567	66.0567
1896	66.0567	66.0567
1897	66.0567	66.0567
1898	66.0567	66.0567
1899	66.0567	66.0567
1900	66.0567	66.0567
1901	66.0567	66.0567
1902	65.8822	66.0441
1903	65.8822	66.0617
1904	65.8822	66.1848
1905	65.8822	66.1804
1906	65.8365	66.2178
1907	65.8822	66.0747
1908	65.8822	65.9492
1909	65.8822	65.9183
1910	65.8822	65.8822
1911	65.8822	65.8822
1912	65.8822	65.8822
1913	65.8822	65.8822
1914	65.8822	65.8822
1915	65.8822	65.8822
1916	65.8822	65.8822
1917	65.8822	65.8822
1918	65.8822	65.8822
1919	65.8822	65.8822
1920	65.8822	65.8822
1921	65.8822	65.8822
1922	65.8822	65.8822
1923	65.8822	65.8822
1924	65.8822	65.8822
1925	65.8822	65.8822
1926	65.8822	65.8822
1927	65.8822	65.8822
1928	65.8822	65.8822
1929	65.8822	65.8822
1930	65.8822	65.8822
1931	65.8822	65.8822
1932	65.8822	65.8822
1933	65.8822	65.8822
1934	65.8822	65.8822
1935	65.8822	65.8822
1936	65.8822	65.8822
1937	65.8822	65.8822
1938	65.8822	65.8822
1939	65.8822	65.8822
1940	65.8822	65.8822
1941	65.8822	65.8822
1942	65.8822	65.8822
1943	65.8822	65.8822
1944	65.8822	65.8822
1945	65.8822	65.8822
1946	65.8822	65.8822
1947	65.8822	65.8822
1948	65.8822	65.8822
1949	65.8822	65.8822
1950	65.8822	65.8822
1951	65.8822	65.8822
1952	65.8822	65.8822
1953	65.8822	65.8822
1954	65.8822	65.8822
1955	65.8822	65.8822
1956	65.8822	65.8822
1957	65.8822	65.8822
1958	65.8822	65.8822
1959	65.8822	65.8822
1960	65.8822	65.8822
1961	65.8822	65.8822
1962	65.8822	65.8822
1963	65.8822	65.8822
1964	65.8822	65.8822
1965	65.8822	65.8822
1966	65.8822	65.8822
1967	65.8822	65.8822
1968	65.8822	65.8822
1969	65.8822	65.8822
1970	65.8822	65.8822
1971	65.8822	65.8822
1972	65.8822	65.8822
1973	65.8822	65.8822
1974	65.8822	65.8822
1975	65.8822	65.8822
1976	65.8822	65.8822
1977	65.8822	65.8822
1978	65.8822	65.8822
1979	65.8822	65.8822
1980	65.8822	65.8822
1981	65.8822	65.8822
1982	65.8822	65.8822
1983	65.8822	65.8822
1984	65.8822	65.8822
1985	65.8822	65.8822
1986	65.8822	65.8822
1987	65.8822	65.8822
1988	65.8822	65.8822
1989	65.8822	65.8822
1990	65.8822	65.8822
1991	65.8822	65.8822
1992	65.8822	65.8822
1993	65.8822	65.8822
1994	65.8822	65.8822
1995	65.8822	65.8822
1996	65.8822	65.8822
1997	65.8822	65.8822
1998	65.8822	65.8822
1999	65.8822	65.8822
2000	65.8822	65.8822
