# GEN: 	 LUNGHEZZA DEL MIGLIORE: 	 LUNGHEZZA MEDIA:
1	454.078	504.029
2	441.36	483.829
3	433.531	464.488
4	413.251	451.633
5	402.466	439.701
6	390.323	429.251
7	388.177	416.985
8	374.047	406.784
9	369.397	396.96
10	362.138	390.476
11	355.888	384.562
12	354.876	378.77
13	349.967	373.062
14	344.447	367.515
15	334.178	361.831
16	326.963	355.72
17	324.766	348.029
18	313.116	341.17
19	311.338	334.36
20	311.338	330.532
21	303.217	326.191
22	301.214	321.886
23	299.248	315.745
24	298.353	310.564
25	290.076	306.089
26	283.859	302.441
27	275.905	298.084
28	275.905	293.096
29	271.729	287.559
30	262.517	282.937
31	252.575	278.651
32	253.061	274.08
33	251.207	269.376
34	248.709	263.527
35	238.859	258.638
36	238.859	254.501
37	237.433	250.476
38	237.359	246.089
39	231.719	242.426
40	230.112	238.697
41	229.354	235.731
42	227.558	233.593
43	225.886	231.871
44	223.104	230.951
45	221.207	229.669
46	219.865	228.54
47	218.861	226.814
48	214.493	225.263
49	212.148	223.595
50	212.148	221.197
51	211.168	218.889
52	210.563	217.29
53	210.563	215.794
54	204.838	215.268
55	204.643	213.987
56	203.384	211.856
57	201.406	209.603
58	200.227	206.759
59	198.157	205.398
60	195.738	203.717
61	197.638	202.422
62	193.498	201.059
63	192.809	199.706
64	192.585	198.519
65	188.469	197.062
66	186.913	195.184
67	186.774	194.246
68	185.73	192.329
69	184.237	190.579
70	182.763	189.601
71	180.924	188.704
72	179.965	187.016
73	177.675	186.231
74	171.933	184.996
75	171.933	182.535
76	171.933	179.262
77	171.008	176.797
78	170.83	174.795
79	169.589	173.996
80	168.075	173.266
81	168.075	172.889
82	166.835	172.365
83	163.859	171.763
84	163.217	170.905
85	160.874	169.769
86	158.844	167.738
87	157.603	165.516
88	157.587	164.298
89	156.5	162.845
90	154.91	161.709
91	154.91	160.198
92	153.582	158.796
93	151.724	156.997
94	150.928	155.434
95	149.64	154.501
96	147.739	153.45
97	146.544	152.151
98	142.062	150.83
99	141.528	149.236
100	141.528	147.106
101	140.735	145.962
102	140.735	144.645
103	139.599	143.19
104	139.471	141.62
105	139.232	140.865
106	139.232	140.78
107	139.072	140.406
108	137.761	139.787
109	135.882	139.327
110	135.882	138.667
111	135.46	137.595
112	135.017	136.77
113	135.319	136.087
114	133.831	135.72
115	133.267	135.412
116	133.267	134.978
117	132.027	134.603
118	131.545	134.046
119	130.48	134
120	130.304	134.032
121	130.262	133.654
122	129.905	133.296
123	129.342	132.956
124	128.961	132.38
125	128.961	131.787
126	128.961	130.982
127	128.961	130.394
128	128.456	129.762
129	128.284	129.327
130	127.977	128.979
131	127.956	128.77
132	127.692	129.343
133	127.386	129.032
134	127.692	128.867
135	127.501	129.15
136	127.468	128.825
137	127.327	128.601
138	126.851	128.508
139	126.666	128.422
140	126.666	128.172
141	126.57	127.682
142	126.142	127.889
143	125.693	127.518
144	125.551	127.587
145	124.551	127.033
146	124.471	126.637
147	123.587	126.522
148	123.201	126.197
149	122.686	125.856
150	121.727	125.619
151	120.834	125.035
152	120.834	124.555
153	120.297	124.073
154	119.686	123.291
155	119.442	122.663
156	119.39	122.036
157	119.39	120.803
158	118.604	120.34
159	118.307	120.59
160	117.964	119.828
161	117.668	119.437
162	117.668	118.968
163	117.532	119.125
164	117.482	119.346
165	117.532	120.152
166	117.532	120.162
167	117.532	120.247
168	117.332	119.679
169	117.332	119.043
170	117.332	117.879
171	117.332	117.546
172	117.299	117.392
173	117.018	117.337
174	116.596	117.255
175	116.596	117.207
176	116.569	118.123
177	116.288	119.256
178	115.997	119.178
179	115.89	119.735
180	115.689	119.969
181	115.683	119.964
182	115.291	119.975
183	115.098	119.693
184	114.717	119.027
185	114.717	117.991
186	113.991	118.001
187	113.991	117.368
188	113.687	117.14
189	112.387	117.013
190	112.387	117.59
191	112.387	118.642
192	112.387	119.505
193	112.387	119.768
194	112.387	119.501
195	112.387	118.89
196	112.387	117.467
197	111.767	116.298
198	111.673	115.708
199	111.767	114.184
200	110.726	113.894
201	110.42	113.115
202	100.004	113.485
203	99.4586	114.124
204	99.4586	115.726
205	99.4586	114.591
206	99.1219	112.897
207	99.1219	109.992
208	99.1219	106.915
209	99.1219	104.958
210	99.1219	102.361
211	99.1219	101.782
212	99.0642	100.847
213	98.2447	99.8402
214	98.2447	99.3924
215	98.2447	98.9897
216	98.2447	98.6597
217	97.1135	98.4739
218	96.4098	98.1912
219	96.4098	97.8096
220	96.3196	97.4341
221	96.3196	97.0368
222	96.3196	96.7689
223	95.7383	96.4671
224	95.1087	96.3309
225	95.1087	96.1758
226	94.8962	95.9222
227	94.8067	95.6814
228	94.8067	95.4003
229	94.8067	95.1677
230	94.3558	94.9449
231	94.3558	94.8234
232	94.3558	94.6704
233	94.3558	94.5547
234	93.2358	94.4448
235	93.2358	94.3407
236	93.2358	94.1119
237	93.2358	93.8731
238	93.2358	93.6621
239	93.1074	93.4618
240	93.011	93.234
241	92.9453	93.1752
242	92.2066	93.1258
243	91.3474	92.9844
244	90.9584	92.7436
245	90.9584	92.3885
246	90.8829	91.9428
247	90.8829	91.4737
248	90.8829	91.1833
249	90.8829	90.977
250	90.5278	90.8951
251	90.5278	90.8005
252	90.5278	90.7107
253	90.5278	90.6416
254	90.1492	90.578
255	89.8665	90.4279
256	89.8665	90.3178
257	89.8665	90.1557
258	89.8665	90.0112
259	89.0888	89.9225
260	89.0888	89.7956
261	89.0888	89.5962
262	89.0888	89.4914
263	89.0888	89.3294
264	89.0888	89.3235
265	89.0888	89.1059
266	88.7665	89.0727
267	88.7665	89.014
268	88.3825	88.9175
269	88.3825	88.7964
270	88.3825	88.6715
271	88.0037	88.6753
272	88.0037	88.4804
273	88.0037	88.3106
274	88.0037	88.1631
275	88.0037	88.0735
276	87.3529	88.0094
277	87.3141	87.92
278	87.3141	87.7874
279	87.3141	87.6228
280	87.2921	87.4957
281	87.2921	87.343
282	86.9849	87.3026
283	86.9849	87.2844
284	86.9849	87.2287
285	86.9849	87.1664
286	86.9849	87.0811
287	86.9849	87.0048
288	86.9849	86.9849
289	86.9849	86.9849
290	86.4089	86.9567
291	86.4089	86.858
292	86.4089	86.6987
293	86.0995	86.5575
294	86.0995	86.4034
295	86.0995	86.3179
296	86.0995	86.2212
297	85.8642	86.1269
298	85.8642	86.063
299	85.8642	86.004
300	85.013	85.9284
301	85.013	85.7342
302	78.4069	84.7786
303	78.2769	83.8455
304	78.2769	82.6881
305	78.2769	81.5777
306	78.1185	80.1273
307	78.1185	79.1502
308	78.1185	78.747
309	78.1185	78.4819
310	78.1185	78.2044
311	78.1185	78.1552
312	78.1185	78.1274
313	78.1185	78.1247
314	77.7784	78.1015
315	77.7707	78.0513
316	77.7707	77.933
317	77.7568	77.8361
318	77.7568	77.7758
319	77.5181	77.7629
320	77.3805	77.728
321	77.3805	77.6552
322	77.3589	77.5692
323	77.3589	77.4784
324	77.3589	77.4139
325	76.812	77.3522
326	76.6201	77.2159
327	76.6064	77.058
328	76.4145	76.9258
329	76.4145	76.8117
330	76.4145	76.6874
331	76.4145	76.5855
332	76.4145	76.4907
333	76.4145	76.4414
334	76.4145	76.4145
335	76.4145	76.4145
336	76.4145	76.4145
337	76.4145	76.4145
338	76.4145	76.4145
339	75.9047	76.3932
340	75.9047	76.3264
341	75.9047	76.4381
342	75.9047	76.2994
343	75.9047	76.2355
344	75.9047	76.1585
345	75.9047	76.0302
346	75.9047	75.9047
347	75.9047	75.9047
348	75.9047	75.9047
349	75.9047	75.9047
350	75.9047	75.9047
351	75.4924	75.8912
352	75.4924	75.8338
353	75.4924	75.7126
354	75.4924	75.5804
355	75.4323	75.5099
356	74.9883	75.4825
357	74.9883	75.5346
358	74.9883	75.6
359	74.9883	75.5268
360	74.9883	75.3314
361	74.9883	75.2122
362	74.9883	75.0631
363	74.9883	74.9962
364	74.9883	74.9883
365	74.9883	74.9883
366	74.9883	74.9883
367	74.9883	74.9883
368	74.9883	74.9883
369	74.9883	74.9883
370	74.9883	74.9883
371	74.5441	74.9697
372	74.5441	74.8862
373	74.5441	74.7749
374	74.5441	74.6469
375	74.5441	74.5495
376	74.5441	74.5441
377	74.5441	74.5441
378	74.5441	74.5441
379	74.5441	74.5441
380	74.5441	74.5441
381	74.5441	74.5441
382	74.5441	74.5441
383	74.5441	74.5441
384	74.5441	74.5441
385	74.5441	74.5441
386	74.5441	74.5441
387	74.3844	74.5438
388	74.247	74.5368
389	73.6614	74.5114
390	73.6614	74.426
391	73.3711	74.2415
392	73.3458	74.0107
393	73.3458	73.7961
394	73.3458	73.5554
395	73.0555	73.4381
396	73.0555	73.3334
397	72.9742	73.2512
398	73.0555	73.1714
399	73.0555	73.1106
400	73.0422	73.0555
401	73.0422	73.0549
402	71.8107	72.9839
403	71.6145	72.8019
404	71.609	72.5203
405	71.6011	72.2332
406	71.5956	71.9134
407	71.5956	71.804
408	71.5956	71.6894
409	71.5956	71.6157
410	71.5956	71.6035
411	71.5956	71.5975
412	71.5956	71.596
413	71.5956	71.5956
414	71.5956	71.5956
415	71.5956	71.5956
416	71.5956	71.5956
417	71.5956	71.5956
418	71.5956	71.5956
419	71.5956	71.5956
420	71.5956	71.5956
421	71.5956	71.5956
422	71.5956	71.5956
423	71.5956	71.5956
424	71.5956	71.5956
425	71.5956	71.5956
426	71.5956	71.5956
427	71.5956	71.5956
428	71.5956	71.5956
429	71.291	71.595
430	71.291	71.5767
431	71.1682	71.5304
432	71.1682	71.4777
433	71.1682	71.5176
434	71.1682	71.407
435	71.1682	71.5305
436	71.1682	71.2602
437	70.9675	71.1723
438	70.3662	71.1329
439	69.9481	71.0222
440	69.7474	70.794
441	69.7474	70.5614
442	69.7474	70.2662
443	69.7474	70.0331
444	69.7474	69.8325
445	69.7474	69.7807
446	69.7474	69.7569
447	69.7474	69.7479
448	69.7474	69.7474
449	69.7474	69.7474
450	69.7474	69.7474
451	69.7474	69.7474
452	69.7474	69.7474
453	69.7474	69.7474
454	69.7474	69.7474
455	69.7474	69.7474
456	69.7474	69.7474
457	69.7474	69.7474
458	69.7474	69.7474
459	69.7474	69.7474
460	69.7474	69.7474
461	69.7474	69.7474
462	69.7474	69.7474
463	69.7474	69.7474
464	69.7474	69.7474
465	69.7474	69.7474
466	69.7474	69.7474
467	69.7474	69.7474
468	69.7474	69.7474
469	69.7257	69.7473
470	69.7257	69.7465
471	69.7257	69.7423
472	69.7257	69.7359
473	69.7257	69.7304
474	69.7257	69.7266
475	69.7257	69.7257
476	69.7257	69.7257
477	69.7257	69.7257
478	69.7257	69.7257
479	69.7257	69.7257
480	69.7257	69.7257
481	69.7257	69.7257
482	69.7257	69.7257
483	69.7257	69.7257
484	69.7257	69.7257
485	69.7257	69.7257
486	69.7257	69.7257
487	69.7257	69.7257
488	69.7257	69.7257
489	69.7257	69.7257
490	69.7257	69.7257
491	69.7257	69.7257
492	69.7257	69.7257
493	69.7257	69.7257
494	69.7257	69.7257
495	69.7257	69.7257
496	69.7257	69.7257
497	69.7257	69.7257
498	69.7257	69.7257
499	69.7257	69.7257
500	69.7257	69.7257
501	69.7257	69.7257
502	69.3829	69.696
503	69.2803	69.6374
504	69.2803	69.5522
505	69.2803	69.4701
506	69.2803	69.4068
507	69.2803	69.3164
508	69.2803	69.2906
509	69.1661	69.2801
510	69.2803	69.2803
511	69.2803	69.2803
512	69.2803	69.2803
513	68.444	69.2786
514	68.444	69.2268
515	68.444	69.0261
516	68.444	68.8028
517	68.444	68.5845
518	68.444	68.5068
519	68.444	68.444
520	68.444	68.444
521	68.444	68.444
522	68.444	68.444
523	68.444	68.444
524	68.444	68.444
525	68.444	68.444
526	68.444	68.444
527	68.444	68.444
528	68.444	68.444
529	68.444	68.444
530	68.444	68.444
531	68.444	68.444
532	68.444	68.444
533	68.444	68.444
534	68.444	68.444
535	68.2547	68.4311
536	68.2547	68.3929
537	68.2547	68.3331
538	68.2547	68.2876
539	68.2547	68.26
540	68.2547	68.2547
541	68.2547	68.2547
542	68.2547	68.2547
543	68.2547	68.2547
544	68.2547	68.2547
545	68.2547	68.2547
546	68.2547	68.2547
547	68.2547	68.2547
548	68.2547	68.2547
549	68.2547	68.2547
550	68.2547	68.2547
551	67.9807	68.2541
552	67.9807	68.2454
553	67.9807	68.2021
554	67.9807	68.1155
555	67.9807	68.032
556	67.9807	67.9807
557	67.9807	67.9807
558	67.9807	67.9807
559	67.9807	67.9807
560	67.9807	67.9807
561	67.9807	67.9807
562	67.9807	67.9807
563	67.9807	67.9807
564	67.9807	67.9807
565	67.9807	67.9807
566	67.9807	67.9807
567	67.9807	67.9807
568	67.9807	67.9807
569	67.9807	67.9807
570	67.9807	67.9807
571	67.9807	67.9807
572	67.9807	67.9807
573	67.9807	67.9807
574	67.9807	67.9807
575	67.9807	67.9807
576	67.9807	67.9807
577	67.9807	67.9807
578	67.9807	67.9807
579	67.9807	67.9807
580	67.9807	67.9807
581	67.9807	67.9807
582	67.9807	67.9807
583	67.9807	67.9807
584	67.9295	67.9778
585	67.9295	67.9666
586	67.9295	67.9513
587	67.9295	67.9355
588	67.9295	67.9295
589	67.9295	67.9295
590	67.9295	67.9295
591	67.9295	67.9295
592	67.9295	67.9295
593	67.9295	67.9295
594	67.9295	67.9295
595	67.9295	67.9295
596	67.9295	67.9295
597	67.9295	67.9295
598	67.9295	67.9295
599	67.9295	67.9295
600	67.9295	67.9295
601	67.9295	67.9295
602	67.2388	67.88
603	67.2388	67.7454
604	67.2388	67.5444
605	67.2388	67.408
606	67.2388	67.262
607	67.2388	67.2388
608	67.2388	67.2388
609	67.2388	67.2388
610	67.2388	67.2388
611	67.2388	67.2388
612	67.2388	67.2388
613	67.2388	67.2388
614	67.2388	67.2388
615	67.2388	67.2388
616	67.2388	67.2388
617	67.2388	67.2388
618	67.2388	67.2388
619	67.2388	67.2388
620	67.2388	67.2388
621	67.2388	67.2388
622	67.2388	67.2388
623	67.2388	67.2388
624	67.2388	67.2388
625	67.2388	67.2388
626	67.2388	67.2388
627	67.2388	67.2388
628	67.2388	67.2388
629	67.2388	67.2388
630	67.2388	67.2388
631	67.2388	67.2388
632	67.2388	67.2388
633	67.2388	67.2388
634	67.2388	67.2388
635	67.2388	67.2388
636	67.2388	67.2388
637	67.2388	67.2388
638	67.2388	67.2388
639	67.2388	67.2388
640	67.2388	67.2388
641	67.2388	67.2388
642	67.2388	67.2388
643	67.2388	67.2388
644	67.2388	67.2388
645	67.2388	67.2388
646	67.2388	67.2388
647	67.2388	67.2388
648	67.2388	67.2388
649	67.2388	67.2388
650	67.2388	67.2388
651	67.2388	67.2388
652	67.2388	67.2388
653	67.2388	67.2388
654	67.2388	67.2388
655	67.2388	67.2388
656	67.2388	67.2388
657	67.2388	67.2388
658	67.2388	67.2388
659	67.2388	67.2388
660	67.2388	67.2388
661	67.2388	67.2388
662	67.2388	67.2388
663	67.2388	67.2388
664	67.2388	67.2388
665	67.2388	67.2388
666	67.2388	67.2388
667	67.2388	67.2388
668	67.2388	67.2388
669	67.2388	67.2388
670	67.2388	67.2388
671	67.2388	67.2388
672	67.2388	67.2388
673	67.2388	67.2388
674	67.2388	67.2388
675	67.2388	67.2388
676	67.2388	67.2388
677	67.2388	67.2388
678	67.2388	67.2388
679	67.2388	67.2388
680	67.2388	67.2388
681	67.2388	67.2388
682	67.2388	67.2388
683	67.2388	67.2388
684	67.2388	67.2388
685	67.2388	67.2388
686	67.2388	67.2388
687	67.2388	67.2388
688	67.2388	67.2388
689	67.2388	67.2388
690	67.2388	67.2388
691	67.2388	67.2388
692	67.2388	67.2388
693	67.2388	67.2388
694	67.2388	67.2388
695	67.2388	67.2388
696	67.2388	67.2388
697	67.2388	67.2388
698	67.2388	67.2388
699	67.2388	67.2388
700	67.2388	67.2388
701	67.2388	67.2388
702	67.2388	67.2388
703	67.2388	67.2388
704	67.2388	67.2388
705	67.2388	67.2388
706	67.2388	67.2388
707	67.2388	67.2388
708	67.2388	67.2388
709	67.2388	67.2388
710	67.2388	67.2388
711	67.2388	67.2388
712	67.2388	67.2388
713	67.2388	67.2388
714	67.2388	67.2388
715	67.2388	67.2388
716	67.2388	67.2388
717	67.2388	67.2388
718	67.2388	67.2388
719	67.2388	67.2388
720	67.2388	67.2388
721	67.2388	67.2388
722	67.2388	67.2388
723	67.2388	67.2388
724	67.2388	67.2388
725	67.2388	67.2388
726	67.2388	67.2388
727	67.2388	67.2388
728	67.2388	67.2388
729	67.2388	67.2388
730	67.2388	67.2388
731	67.2388	67.2388
732	67.2388	67.2388
733	67.2388	67.2388
734	67.2388	67.2388
735	67.2388	67.2388
736	67.2388	67.2388
737	67.2388	67.2388
738	67.2388	67.2388
739	67.2388	67.2388
740	67.2388	67.2388
741	67.2388	67.2388
742	67.2388	67.2388
743	67.2388	67.2388
744	67.2388	67.2388
745	67.2388	67.2388
746	67.2388	67.2388
747	67.2388	67.2388
748	67.2388	67.2388
749	67.2388	67.2388
750	67.2388	67.2388
751	67.2388	67.2388
752	67.2388	67.2388
753	67.2388	67.2388
754	67.2388	67.2388
755	67.2388	67.2388
756	67.2388	67.2388
757	67.2388	67.2388
758	67.2388	67.2388
759	67.2388	67.2388
760	67.2388	67.2388
761	67.2388	67.2388
762	67.2388	67.2388
763	67.2388	67.2388
764	67.2388	67.2388
765	67.2388	67.2388
766	67.2388	67.2388
767	67.2388	67.2388
768	67.2388	67.2388
769	67.2388	67.2388
770	67.2388	67.2388
771	67.2388	67.2388
772	67.2388	67.2388
773	67.2388	67.2388
774	67.2388	67.2388
775	67.2388	67.2388
776	67.2388	67.2388
777	67.2388	67.2388
778	67.2388	67.2388
779	67.2388	67.2388
780	67.2388	67.2388
781	67.2388	67.2388
782	67.2388	67.2388
783	67.2388	67.2388
784	67.2388	67.2388
785	67.2388	67.2388
786	67.2388	67.2388
787	67.2388	67.2388
788	67.2388	67.2388
789	67.2388	67.2388
790	67.2388	67.2388
791	67.2388	67.2388
792	67.2388	67.2388
793	67.2388	67.2388
794	67.2388	67.2388
795	67.2388	67.2388
796	67.2388	67.2388
797	67.2388	67.2388
798	67.2388	67.2388
799	67.2388	67.2388
800	67.2388	67.2388
801	67.2388	67.2388
802	67.2388	67.2388
803	67.2388	67.2388
804	67.2388	67.2388
805	67.2388	67.2388
806	67.2388	67.2388
807	67.2388	67.2388
808	67.2388	67.2388
809	67.2388	67.2388
810	67.2388	67.2388
811	67.2388	67.2388
812	67.2388	67.2388
813	67.2388	67.2388
814	67.2388	67.2388
815	67.2388	67.2388
816	67.2388	67.2388
817	67.1246	67.2385
818	67.1246	67.2344
819	67.1246	67.2139
820	67.1246	67.1919
821	67.1246	67.1568
822	67.1246	67.1365
823	67.1246	67.1246
824	67.1246	67.1246
825	67.1246	67.1246
826	67.1246	67.1246
827	67.1246	67.1246
828	67.1246	67.1246
829	67.1246	67.1246
830	67.1246	67.1246
831	67.1246	67.1246
832	67.1246	67.1246
833	67.1246	67.1246
834	67.1246	67.2698
835	67.1246	68.9655
836	67.1246	70.6949
837	67.1246	72.5673
838	67.1246	73.8569
839	67.1246	75.6846
840	67.1246	75.5632
841	67.1246	75.0215
842	67.1246	73.9578
843	67.1246	73.0593
844	67.1246	71.626
845	67.1246	70.0814
846	67.1246	69.7472
847	67.1246	68.8919
848	67.1246	67.5737
849	67.1246	67.1246
850	67.1246	67.1246
851	67.1246	67.1246
852	67.1246	67.1246
853	67.1246	67.1246
854	67.1246	67.1246
855	67.1246	67.1246
856	67.1246	67.1246
857	67.1246	67.1246
858	67.1246	67.1246
859	67.1246	67.1246
860	67.1246	67.1246
861	67.1246	67.1246
862	67.1246	67.1246
863	67.1246	67.1246
864	67.1246	67.1246
865	67.1246	67.1246
866	67.1246	67.1246
867	67.1246	67.1246
868	67.1246	67.1246
869	67.1246	67.1246
870	67.1246	67.1246
871	67.1246	67.1246
872	67.1246	67.1246
873	67.1246	67.1246
874	67.1246	67.1246
875	67.1246	67.1246
876	67.1246	67.1246
877	67.1246	67.1246
878	67.1246	67.1246
879	67.1246	67.1246
880	67.1246	67.1246
881	67.1246	67.1246
882	67.1246	67.1246
883	67.1246	67.1246
884	67.1246	67.1246
885	67.1246	67.1246
886	67.1246	67.1246
887	67.1246	67.1246
888	67.1246	67.1246
889	67.1246	67.1246
890	67.1246	67.1246
891	67.1246	67.1246
892	67.1246	67.1246
893	67.1246	67.1246
894	67.1246	67.1246
895	67.1246	67.1246
896	67.1246	67.1246
897	67.1246	67.1246
898	67.1246	67.1246
899	67.1246	67.1246
900	67.1246	67.1246
901	67.1246	67.1246
902	67.1246	67.1246
903	67.1246	67.1246
904	67.1246	67.1246
905	67.1246	67.1246
906	67.1246	67.1246
907	67.1246	67.1246
908	67.1246	67.1246
909	67.1246	67.1246
910	67.1246	67.1246
911	67.1246	67.1246
912	67.1246	67.1246
913	67.1246	67.1246
914	67.1246	67.1246
915	67.1246	67.1246
916	67.1246	67.1246
917	67.1246	67.1246
918	67.1246	67.1246
919	67.1246	67.1246
920	67.1246	67.1246
921	67.1246	67.1246
922	67.1246	67.1246
923	67.1246	67.1246
924	67.1246	67.1246
925	67.1246	67.1246
926	67.1246	67.1246
927	67.1246	67.1246
928	67.1246	67.1246
929	67.1246	67.1246
930	67.1246	67.1246
931	67.1246	67.1246
932	67.1246	67.1246
933	67.1246	67.1246
934	67.1246	67.1246
935	67.1246	67.1246
936	67.1246	67.1246
937	67.1246	67.1246
938	67.1246	67.1246
939	67.1246	67.1246
940	67.1246	67.1246
941	67.1246	67.1246
942	67.1246	67.1246
943	67.1246	67.1246
944	67.1246	67.1246
945	67.1246	67.1246
946	67.1246	67.1246
947	67.1246	67.1246
948	67.1246	67.1246
949	67.1246	67.1246
950	67.1246	67.1246
951	67.1246	67.1246
952	67.1246	67.1246
953	67.1246	67.1246
954	67.1246	67.1246
955	67.1246	67.1246
956	67.1246	67.1246
957	67.1246	67.1246
958	67.1246	67.1246
959	67.1246	67.1246
960	67.1246	67.1246
961	67.1246	67.1246
962	67.1246	67.1246
963	67.1246	67.1246
964	67.1246	67.1246
965	67.1246	67.1246
966	67.1246	67.1246
967	67.1246	67.1246
968	67.1246	67.1246
969	67.1246	67.1246
970	67.1246	67.1246
971	67.1246	67.1246
972	67.1246	67.1246
973	67.1246	67.1246
974	67.1246	67.1246
975	67.1246	67.1246
976	67.1246	67.1246
977	67.1246	67.1246
978	67.1246	67.1246
979	67.1246	67.1246
980	66.9296	67.1242
981	66.9296	67.1164
982	66.9296	67.0942
983	66.9296	67.0458
984	66.9296	67.0091
985	66.9296	66.9791
986	66.9296	66.9385
987	66.9296	66.9296
988	66.9296	66.9296
989	66.9296	66.9296
990	66.9296	66.9296
991	66.9296	66.9296
992	66.9296	66.9296
993	66.9296	66.9296
994	66.9296	66.9296
995	66.9296	66.9296
996	66.9296	66.9296
997	66.9296	66.9296
998	66.9296	66.9296
999	66.9296	66.9296
1000	66.9296	66.9296
1001	66.9296	66.9296
1002	66.9296	66.9296
1003	66.9296	66.9296
1004	66.9296	66.9296
1005	66.9296	66.9296
1006	66.9296	66.9296
1007	66.9296	66.9296
1008	66.9296	66.9296
1009	66.9296	66.9296
1010	66.9296	66.9296
1011	66.9296	66.9296
1012	66.9296	66.9296
1013	66.9296	66.9296
1014	66.9296	66.9296
1015	66.9296	66.9296
1016	66.9296	66.9296
1017	66.9296	66.9296
1018	66.9296	66.9296
1019	66.9296	66.9296
1020	66.9296	66.9296
1021	66.9296	66.9296
1022	66.9296	66.9296
1023	66.9296	66.9296
1024	66.9296	66.9296
1025	66.9296	66.9296
1026	66.9296	66.9296
1027	66.9296	66.9296
1028	66.9296	66.9296
1029	66.9296	66.9296
1030	66.9296	66.9296
1031	66.9296	66.9296
1032	66.9296	66.9296
1033	66.9296	66.9296
1034	66.9296	66.9296
1035	66.9296	66.9296
1036	66.9296	66.9296
1037	66.9296	66.9296
1038	66.9296	66.9296
1039	66.9296	66.9296
1040	66.9296	66.9296
1041	66.9296	66.9296
1042	66.9296	66.9296
1043	66.9296	66.9296
1044	66.9296	66.9296
1045	66.9296	66.9296
1046	66.9296	66.9296
1047	66.9296	66.9296
1048	66.9296	66.9296
1049	66.9296	66.9296
1050	66.9296	66.9296
1051	66.9296	66.9296
1052	66.9296	66.9296
1053	66.9296	66.9296
1054	66.9296	66.9296
1055	66.9296	66.9296
1056	66.9296	66.9296
1057	66.9296	66.9296
1058	66.9296	66.9296
1059	66.9296	66.9296
1060	66.9296	66.9296
1061	66.9296	66.9296
1062	66.9296	66.9296
1063	66.9296	66.9296
1064	66.9296	66.9296
1065	66.9296	66.9296
1066	66.9296	66.9296
1067	66.9296	66.9296
1068	66.9296	66.9296
1069	66.9296	66.9296
1070	66.9296	66.9296
1071	66.9296	66.9296
1072	66.9296	66.9296
1073	66.9296	66.9296
1074	66.9296	66.9296
1075	66.9296	66.9296
1076	66.9296	66.9296
1077	66.9296	66.9296
1078	66.9296	66.9296
1079	66.9296	66.9296
1080	66.9296	66.9296
1081	66.9296	66.9296
1082	66.9296	66.9296
1083	66.9296	66.9296
1084	66.9296	66.9296
1085	66.9296	66.9296
1086	66.9296	66.9296
1087	66.9296	66.9296
1088	66.9296	66.9296
1089	66.9296	66.9296
1090	66.9296	66.9296
1091	66.9296	66.9296
1092	66.9296	66.9296
1093	66.9296	66.9296
1094	66.9296	66.9296
1095	66.9296	66.9296
1096	66.9296	66.9296
1097	66.9296	66.9296
1098	66.9296	66.9296
1099	66.9296	66.9296
1100	66.9296	66.9296
1101	66.9296	66.9296
1102	66.9296	66.9296
1103	66.9296	66.9296
1104	66.9296	66.9296
1105	66.9296	66.9296
1106	66.9296	66.9296
1107	66.9296	66.9296
1108	66.9296	66.9296
1109	66.9296	66.9296
1110	66.9296	66.9296
1111	66.9296	66.9296
1112	66.9296	66.9296
1113	66.9296	66.9296
1114	66.9296	66.9296
1115	66.9296	66.9296
1116	66.9296	66.9296
1117	66.9296	66.9296
1118	66.9296	66.9296
1119	66.9296	66.9296
1120	66.9296	66.9296
1121	66.9296	66.9296
1122	66.9296	66.9296
1123	66.9296	66.9296
1124	66.9296	66.9296
1125	66.9296	66.9296
1126	66.9296	66.9296
1127	66.9296	66.9296
1128	66.9296	66.9296
1129	66.9296	66.9296
1130	66.9296	66.9296
1131	66.9296	66.9296
1132	66.9296	66.9296
1133	66.9296	66.9296
1134	66.9296	66.9296
1135	66.9296	66.9296
1136	66.9296	66.9296
1137	66.9296	66.9296
1138	66.9296	66.9296
1139	66.9296	66.9296
1140	66.9296	66.9296
1141	66.9296	66.9296
1142	66.9296	66.9296
1143	66.9296	66.9296
1144	66.9296	66.9296
1145	66.9296	66.9296
1146	66.9296	66.9296
1147	66.9296	66.9296
1148	66.9296	66.9296
1149	66.9296	66.9296
1150	66.9296	66.9296
1151	66.9296	66.9296
1152	66.9296	66.9296
1153	66.9296	66.9296
1154	66.9296	66.9296
1155	66.9296	66.9296
1156	66.9296	66.9296
1157	66.9296	66.9296
1158	66.9296	66.9296
1159	66.9296	66.9296
1160	66.9296	66.9296
1161	66.9296	66.9296
1162	66.9296	66.9296
1163	66.9296	66.9296
1164	66.9296	66.9296
1165	66.9296	66.9296
1166	66.9296	66.9296
1167	66.9296	66.9296
1168	66.9296	66.9296
1169	66.9296	66.9296
1170	66.9296	66.9296
1171	66.9296	66.9296
1172	66.9296	66.9296
1173	66.9296	66.9296
1174	66.9296	66.9296
1175	66.9296	66.9296
1176	66.9296	66.9296
1177	66.9296	66.9296
1178	66.9296	66.9296
1179	66.9296	66.9296
1180	66.9296	66.9296
1181	66.9296	66.9296
1182	66.9296	66.9296
1183	66.9296	66.9296
1184	66.9296	66.9296
1185	66.9296	66.9296
1186	66.9296	66.9296
1187	66.9296	66.9296
1188	66.9296	66.9296
1189	66.9296	66.9296
1190	66.9296	66.9296
1191	66.9296	66.9296
1192	66.9296	66.9296
1193	66.9296	66.9296
1194	66.9296	66.9296
1195	66.9296	66.9296
1196	66.9296	66.9296
1197	66.9296	66.9296
1198	66.9296	66.9296
1199	66.9296	66.9296
1200	66.9296	66.9296
1201	66.9296	66.9296
1202	66.3641	66.8714
1203	66.1738	66.7665
1204	66.1738	66.7012
1205	66.1738	66.6554
1206	66.1738	66.3666
1207	66.1738	66.3693
1208	66.1738	66.2422
1209	66.1738	66.2146
1210	66.1738	66.1805
1211	66.1738	66.1738
1212	66.1738	66.1738
1213	66.1738	66.1738
1214	66.1738	66.1738
1215	66.1738	66.1738
1216	66.1738	66.1738
1217	66.1738	66.1738
1218	66.1738	66.1738
1219	66.1738	66.1738
1220	66.1738	66.1738
1221	66.1738	66.1738
1222	66.1738	66.1738
1223	66.1738	66.1738
1224	66.1738	66.1738
1225	66.1738	66.1738
1226	66.1738	66.1738
1227	66.1738	66.1738
1228	66.1738	66.1738
1229	66.1738	66.1738
1230	66.1738	66.1738
1231	66.1738	66.1738
1232	66.1738	66.1738
1233	66.1738	66.1738
1234	66.1738	66.1738
1235	66.1738	66.1738
1236	66.1738	66.1738
1237	66.1738	66.1738
1238	66.1738	66.1738
1239	66.1738	66.1738
1240	66.1738	66.1738
1241	66.1738	66.1738
1242	66.1738	66.1738
1243	66.1738	66.1738
1244	66.1738	66.1738
1245	66.1738	66.1738
1246	66.1738	66.1738
1247	66.1738	66.1738
1248	66.1738	66.1738
1249	66.1738	66.1738
1250	66.1738	66.1738
1251	66.1738	66.1738
1252	66.1738	66.1738
1253	66.1738	66.1738
1254	66.1738	66.1738
1255	66.1738	66.1738
1256	66.1738	66.1738
1257	66.1738	66.1738
1258	66.1738	66.1738
1259	66.1738	66.1738
1260	66.1738	66.1738
1261	66.1738	66.1738
1262	66.1738	66.1738
1263	66.1738	66.1738
1264	66.1738	66.1738
1265	66.1738	66.1738
1266	66.1738	66.1738
1267	66.1738	66.1738
1268	66.1738	66.1738
1269	66.1738	66.1738
1270	66.1738	66.1738
1271	66.1738	66.1738
1272	66.1738	66.1738
1273	66.1738	66.1738
1274	66.1738	66.1738
1275	66.1738	66.1738
1276	66.1738	66.1738
1277	66.1738	66.1738
1278	66.1738	66.1738
1279	66.1738	66.1738
1280	66.1738	66.1738
1281	66.1738	66.1738
1282	66.1738	66.1738
1283	66.1738	66.1738
1284	66.1738	66.1738
1285	66.1738	66.1738
1286	66.1738	66.1738
1287	66.1738	66.1738
1288	66.1738	66.1738
1289	66.1738	66.1738
1290	66.1738	66.1738
1291	66.1738	66.1738
1292	66.1738	66.1738
1293	66.1738	66.1738
1294	66.1738	66.1738
1295	66.1738	66.1738
1296	66.1738	66.1738
1297	66.1738	66.1738
1298	66.1738	66.1738
1299	66.1738	66.1738
1300	66.1738	66.1738
1301	66.1738	66.1738
1302	66.1738	66.1738
1303	66.1738	66.1738
1304	66.1738	66.1738
1305	66.1738	66.1738
1306	66.1738	66.1738
1307	66.1738	66.1738
1308	66.1738	66.1738
1309	66.1738	66.1738
1310	66.1738	66.1738
1311	66.1738	66.1738
1312	66.1738	66.1738
1313	66.1738	66.1738
1314	66.1738	66.1738
1315	66.1738	66.1738
1316	66.1738	66.1738
1317	66.1738	66.1738
1318	66.1738	66.1738
1319	66.1738	66.1738
1320	66.1738	66.1738
1321	66.1738	66.1738
1322	66.1738	66.1738
1323	66.1738	66.1738
1324	66.1738	66.1738
1325	66.1738	66.1738
1326	66.1738	66.1738
1327	66.1738	66.1738
1328	66.1738	66.1738
1329	66.1738	66.1738
1330	66.1738	66.1738
1331	66.1738	66.1738
1332	66.1738	66.1738
1333	66.1738	66.1738
1334	66.1738	66.1738
1335	66.1738	66.1738
1336	66.1738	66.1738
1337	66.1738	66.1738
1338	66.1738	66.1738
1339	66.1738	66.1738
1340	66.1738	66.1738
1341	66.1738	66.1738
1342	66.1738	66.1738
1343	66.1738	66.1738
1344	66.1738	66.1738
1345	66.1738	66.1738
1346	66.1738	66.1738
1347	66.1738	66.1738
1348	66.1738	66.1738
1349	66.1738	66.1738
1350	66.1738	66.1738
1351	66.1738	66.1738
1352	66.1738	66.1738
1353	66.1738	66.1738
1354	66.1738	66.1738
1355	66.1738	66.1738
1356	66.1738	66.1738
1357	66.1738	66.1738
1358	66.1738	66.1738
1359	66.1738	66.1738
1360	66.1738	66.1738
1361	66.1738	66.1738
1362	66.1738	66.1738
1363	66.1738	66.1738
1364	66.1738	66.1738
1365	66.1738	66.1738
1366	66.1738	66.1738
1367	66.1738	66.1738
1368	66.1738	66.1738
1369	66.1738	66.1738
1370	66.1738	66.1738
1371	66.1738	66.1738
1372	66.1738	66.1738
1373	66.1738	66.1738
1374	66.1738	66.1738
1375	66.1738	66.1738
1376	66.1738	66.1738
1377	66.1738	66.1738
1378	66.1738	66.1738
1379	66.1738	66.1738
1380	66.1738	66.1738
1381	66.1738	66.1738
1382	66.1738	66.1738
1383	66.1738	66.1738
1384	66.1738	66.1738
1385	66.1738	66.1738
1386	66.1738	66.1738
1387	66.1738	66.1738
1388	66.1738	66.1738
1389	66.1738	66.1738
1390	66.1738	66.1738
1391	66.1738	66.1738
1392	66.1738	66.1738
1393	66.1738	66.1738
1394	66.1738	66.1738
1395	66.1738	66.1738
1396	66.1738	66.1738
1397	66.1738	66.1738
1398	66.1738	66.1738
1399	66.1738	66.1738
1400	66.1738	66.1738
1401	66.1738	66.1738
1402	66.1738	66.1738
1403	66.1738	66.1738
1404	66.1738	66.1738
1405	66.1738	66.1738
1406	66.1738	66.1738
1407	66.1738	66.1738
1408	66.1738	66.1738
1409	66.1738	66.1738
1410	66.1738	66.1738
1411	66.1738	66.1738
1412	66.1738	66.1738
1413	66.1738	66.1738
1414	66.1738	66.1738
1415	66.1738	66.1738
1416	66.1738	66.1738
1417	66.1738	66.1738
1418	66.1738	66.1738
1419	66.1738	66.1738
1420	66.1738	66.1738
1421	66.1738	66.1738
1422	66.1738	66.1738
1423	66.1738	66.1738
1424	66.1738	66.1738
1425	66.1738	66.1738
1426	66.1738	66.1738
1427	66.1738	66.1738
1428	66.1738	66.1738
1429	66.1738	66.1738
1430	66.1738	66.1738
1431	66.1738	66.1738
1432	66.1738	66.1738
1433	66.1738	66.1738
1434	66.1738	66.1738
1435	66.1738	66.1738
1436	66.1738	66.1738
1437	66.1738	66.1738
1438	66.1738	66.1738
1439	66.1738	66.1738
1440	66.1738	66.1738
1441	66.1738	66.1738
1442	66.1738	66.1738
1443	66.1738	66.1738
1444	66.1738	66.1738
1445	66.1738	66.1738
1446	66.1738	66.1738
1447	66.1738	66.1738
1448	66.1738	66.1738
1449	66.1738	66.1738
1450	66.1738	66.1738
1451	66.1738	66.1738
1452	66.1738	66.1738
1453	66.1738	66.1738
1454	66.1738	66.1738
1455	66.1738	66.1738
1456	66.1738	66.1738
1457	66.1738	66.1738
1458	66.1738	66.1738
1459	66.1738	66.1738
1460	66.1738	66.1738
1461	66.1738	66.1738
1462	66.1738	66.1738
1463	66.1738	66.1738
1464	66.1738	66.1738
1465	66.1738	66.1738
1466	66.1738	66.1738
1467	66.1738	66.1738
1468	66.1738	66.1738
1469	66.1738	66.1738
1470	66.1738	66.1738
1471	66.1738	66.1738
1472	66.1738	66.1738
1473	66.1738	66.1738
1474	66.1738	66.1738
1475	66.1738	66.1738
1476	66.1738	66.1738
1477	66.1738	66.1738
1478	66.1738	66.1738
1479	66.1738	66.1738
1480	66.1738	66.1738
1481	66.1738	66.1738
1482	66.1738	66.1738
1483	66.1738	66.1738
1484	66.1738	66.1738
1485	66.1738	66.1738
1486	66.1738	66.1738
1487	66.1738	66.1738
1488	66.1738	66.1738
1489	66.1738	66.1738
1490	66.1738	66.1738
1491	66.1738	66.1738
1492	66.1738	66.1738
1493	66.1738	66.1738
1494	66.1738	66.1738
1495	66.1738	66.1738
1496	66.1738	66.1738
1497	66.1738	66.1738
1498	66.1738	66.1738
1499	66.1738	66.1738
1500	66.1738	66.1738
1501	66.1738	66.1738
1502	66.1738	66.1738
1503	66.1738	66.1738
1504	66.1738	66.1738
1505	66.1738	66.1738
1506	66.1738	66.1738
1507	66.1738	66.1738
1508	66.1738	66.1738
1509	66.1738	66.1738
1510	66.1738	66.1738
1511	66.1738	66.1738
1512	66.1738	66.1738
1513	66.1738	66.1738
1514	66.1738	66.1738
1515	66.1738	66.1738
1516	66.1738	66.1738
1517	66.1738	66.1738
1518	66.1738	66.1738
1519	66.1738	66.1738
1520	66.1738	66.1738
1521	66.1738	66.1738
1522	66.1738	66.1738
1523	66.1738	66.1738
1524	66.1738	66.1738
1525	66.1738	66.1738
1526	66.1738	66.1738
1527	66.1738	66.1738
1528	66.1738	66.1738
1529	66.1738	66.1738
1530	66.1738	66.1738
1531	66.1738	66.1738
1532	66.1738	66.1738
1533	66.1738	66.1738
1534	66.1738	66.1738
1535	66.1738	66.1738
1536	66.1738	66.1738
1537	66.1738	66.1738
1538	66.1738	66.1738
1539	66.1738	66.1738
1540	66.1738	66.1738
1541	66.1738	66.1738
1542	66.1738	66.1738
1543	66.1738	66.1738
1544	66.1738	66.1738
1545	66.1738	66.1738
1546	66.1738	66.1738
1547	66.1738	66.1738
1548	66.1738	66.1738
1549	66.1738	66.1738
1550	66.1738	66.1738
1551	66.1738	66.1738
1552	66.1738	66.1738
1553	66.1738	66.1738
1554	66.1738	66.1738
1555	66.1738	66.1738
1556	66.1738	66.1738
1557	66.1738	66.1738
1558	66.1738	66.1738
1559	66.1738	66.1738
1560	66.1738	66.1738
1561	66.1738	66.1738
1562	66.1738	66.1738
1563	66.1738	66.1738
1564	66.1738	66.1738
1565	66.1738	66.1738
1566	66.1738	66.1738
1567	66.1738	66.1738
1568	66.1738	66.1738
1569	66.1738	66.1738
1570	66.1738	66.1738
1571	66.1738	66.1738
1572	66.1738	66.1738
1573	66.1738	66.1738
1574	66.1738	66.1738
1575	66.1738	66.1738
1576	66.1738	66.1738
1577	66.1738	66.1738
1578	66.1738	66.1738
1579	66.1738	66.1738
1580	66.1738	66.1738
1581	66.1738	66.1738
1582	66.1738	66.1738
1583	66.1738	66.1738
1584	66.1738	66.1738
1585	66.1738	66.1738
1586	66.1738	66.1738
1587	66.1738	66.1738
1588	66.1738	66.1738
1589	66.1738	66.1738
1590	66.1738	66.1738
1591	66.1738	66.1738
1592	66.1738	66.1738
1593	66.1738	66.1738
1594	66.1738	66.1738
1595	66.1738	66.1738
1596	66.1738	66.1738
1597	66.1738	66.1738
1598	66.1738	66.1738
1599	66.1738	66.1738
1600	66.1738	66.1738
1601	66.1738	66.1738
1602	66.1738	66.1738
1603	66.1738	66.1738
1604	66.1738	66.1738
1605	66.1738	66.1738
1606	66.1738	66.1738
1607	66.1738	66.1738
1608	66.1738	66.1738
1609	66.1738	66.1738
1610	66.1738	66.1738
1611	66.1738	66.1738
1612	66.1738	66.1738
1613	66.1738	66.1738
1614	66.1738	66.1738
1615	66.1738	66.1738
1616	66.1738	66.1738
1617	66.1738	66.1738
1618	66.1738	66.1738
1619	66.1738	66.1738
1620	66.1738	66.1738
1621	66.1738	66.1738
1622	66.1738	66.1738
1623	66.1738	66.1738
1624	66.1738	66.1738
1625	66.1738	66.1738
1626	66.1738	66.1738
1627	66.1738	66.1738
1628	66.1738	66.1738
1629	66.1738	66.1738
1630	66.1738	66.1738
1631	66.1738	66.1738
1632	66.1738	66.1738
1633	66.1738	66.1738
1634	66.1738	66.1738
1635	66.1738	66.1738
1636	66.1738	66.1738
1637	66.1738	66.1738
1638	66.1738	66.1738
1639	66.1738	66.1738
1640	66.1738	66.1738
1641	66.1738	66.1738
1642	66.1738	66.1738
1643	66.1738	66.1738
1644	66.1738	66.1738
1645	66.1738	66.1738
1646	66.1738	66.1738
1647	66.1738	66.1738
1648	66.1738	66.1738
1649	66.1738	66.1738
1650	66.1738	66.1738
1651	66.1738	66.1738
1652	66.1738	66.1738
1653	66.1738	66.1738
1654	66.1738	66.1738
1655	66.1738	66.1738
1656	66.1738	66.1738
1657	66.1738	66.1738
1658	66.1738	66.1738
1659	66.1738	66.1738
1660	66.1738	66.1738
1661	66.1738	66.1738
1662	66.1738	66.1738
1663	66.1738	66.1738
1664	66.1738	66.1738
1665	66.1738	66.1738
1666	66.1738	66.1738
1667	66.1738	66.1738
1668	66.1738	66.1738
1669	66.1738	66.1738
1670	66.1738	66.1738
1671	66.1738	66.1738
1672	66.1738	66.1738
1673	66.1738	66.1738
1674	66.1738	66.1738
1675	66.1738	66.1738
1676	66.1738	66.1738
1677	66.1738	66.1738
1678	66.1738	66.1738
1679	66.1738	66.1738
1680	66.1738	66.1738
1681	66.1738	66.1738
1682	66.1738	66.1738
1683	66.1738	66.1738
1684	66.1738	66.1738
1685	66.1738	66.1738
1686	66.1738	66.1738
1687	66.1738	66.1738
1688	66.1738	66.1738
1689	66.1738	66.1738
1690	66.1738	66.1738
1691	66.1738	66.1738
1692	66.1738	66.1738
1693	66.1738	66.1738
1694	66.1738	66.1738
1695	66.1738	66.1738
1696	66.1738	66.1738
1697	66.1738	66.1738
1698	66.1738	66.1738
1699	66.1738	66.1738
1700	66.1738	66.1738
1701	66.1738	66.1738
1702	66.0567	66.1696
1703	66.0567	66.1554
1704	66.0567	66.1284
1705	66.0567	66.0919
1706	66.0567	66.0702
1707	66.0567	66.0579
1708	66.0567	66.0567
1709	66.0567	66.0567
1710	66.0567	66.0567
1711	66.0567	66.0567
1712	66.0567	66.0567
1713	66.0567	66.0567
1714	66.0567	66.0567
1715	66.0567	66.0567
1716	66.0567	66.0567
1717	66.0567	66.0567
1718	66.0567	66.0567
1719	66.0567	66.0567
1720	66.0567	66.0567
1721	66.0567	66.0567
1722	66.0567	66.0567
1723	66.0567	66.0567
1724	66.0567	66.0567
1725	66.0567	66.0567
1726	66.0567	66.0567
1727	66.0567	66.0567
1728	66.0567	66.0567
1729	66.0567	66.0567
1730	66.0567	66.0567
1731	66.0567	66.0567
1732	66.0567	66.0567
1733	66.0567	66.0567
1734	66.0567	66.0567
1735	66.0567	66.0567
1736	66.0567	66.0567
1737	66.0567	66.0567
1738	66.0567	66.0567
1739	66.0567	66.0567
1740	66.0567	66.0567
1741	66.0567	66.0567
1742	66.0567	66.0567
1743	66.0567	66.0567
1744	66.0567	66.0567
1745	66.0567	66.0567
1746	66.0567	66.0567
1747	66.0567	66.0567
1748	66.0567	66.0567
1749	66.0567	66.0567
1750	66.0567	66.0567
1751	66.0567	66.0567
1752	66.0567	66.0567
1753	66.0567	66.0567
1754	66.0567	66.0567
1755	66.0567	66.0567
1756	66.0567	66.0567
1757	66.0567	66.0567
1758	66.0567	66.0567
1759	66.0567	66.0567
1760	66.0567	66.0567
1761	66.0567	66.0567
1762	66.0567	66.0567
1763	66.0567	66.0567
1764	66.0567	66.0567
1765	66.0567	66.0567
1766	66.0567	66.0567
1767	66.0567	66.0567
1768	66.0567	66.0567
1769	66.0567	66.0567
1770	66.0567	66.0567
1771	66.0567	66.0567
1772	66.0567	66.0567
1773	66.0567	66.0567
1774	66.0567	66.0567
1775	66.0567	66.0567
1776	66.0567	66.0567
1777	66.0567	66.0567
1778	66.0567	66.0567
1779	66.0567	66.0567
1780	66.0567	66.0567
1781	66.0567	66.0567
1782	66.0567	66.0567
1783	66.0567	66.0567
1784	66.0567	66.0567
1785	66.0567	66.0567
1786	66.0567	66.0567
1787	66.0567	66.0567
1788	66.0567	66.0567
1789	66.0567	66.0567
1790	66.0567	66.0567
1791	66.0567	66.0567
1792	66.0567	66.0567
1793	66.0567	66.0567
1794	66.0567	66.0567
1795	66.0567	66.0567
1796	66.0567	66.0567
1797	66.0567	66.0567
1798	66.0567	66.0567
1799	66.0567	66.0567
1800	66.0567	66.0567
1801	66.0567	66.0567
1802	65.8822	66.0417
1803	65.8822	66.0627
1804	65.8822	66.1592
1805	65.8822	66.2957
1806	65.8822	66.322
1807	65.8822	66.0943
1808	65.8822	65.9886
1809	65.8822	65.9783
1810	65.8822	65.8861
1811	65.8822	65.8822
1812	65.8822	65.8822
1813	65.8822	65.8822
1814	65.8822	65.8822
1815	65.8822	65.8822
1816	65.8822	65.8822
1817	65.8822	65.8822
1818	65.8822	65.8822
1819	65.8822	65.8822
1820	65.8822	65.8822
1821	65.8822	65.8822
1822	65.8822	65.8822
1823	65.8822	65.8822
1824	65.8822	65.8822
1825	65.8822	65.8822
1826	65.8822	65.8822
1827	65.8822	65.8822
1828	65.8822	65.8822
1829	65.8822	65.8822
1830	65.8822	65.8822
1831	65.8822	65.8822
1832	65.8822	65.8822
1833	65.8822	65.8822
1834	65.8822	65.8822
1835	65.8822	65.8822
1836	65.8822	65.8822
1837	65.8822	65.8822
1838	65.8822	65.8822
1839	65.8822	65.8822
1840	65.8822	65.8822
1841	65.8822	65.8822
1842	65.8822	65.8822
1843	65.8822	65.8822
1844	65.8822	65.8822
1845	65.8822	65.8822
1846	65.8822	65.8822
1847	65.8822	65.8822
1848	65.8822	65.8822
1849	65.8822	65.8822
1850	65.8822	65.8822
1851	65.8822	65.8822
1852	65.8822	65.8822
1853	65.8822	65.8822
1854	65.8822	65.8822
1855	65.8822	65.8822
1856	65.8822	65.8822
1857	65.8822	65.8822
1858	65.8822	65.8822
1859	65.8822	65.8822
1860	65.8822	65.8822
1861	65.8822	65.8822
1862	65.8822	65.8822
1863	65.8822	65.8822
1864	65.8822	65.8822
1865	65.8822	65.8822
1866	65.8822	65.8822
1867	65.8822	65.8822
1868	65.8822	65.8822
1869	65.8822	65.8822
1870	65.8822	65.8822
1871	65.8822	65.8822
1872	65.8822	65.8822
1873	65.8822	65.8822
1874	65.8822	65.8822
1875	65.8822	65.8822
1876	65.8822	65.8822
1877	65.8822	65.8822
1878	65.8822	65.8822
1879	65.8822	65.8822
1880	65.8822	65.8822
1881	65.8822	65.8822
1882	65.8822	65.8822
1883	65.8822	65.8822
1884	65.8822	65.8822
1885	65.8822	65.8822
1886	65.8822	65.8822
1887	65.8822	65.8822
1888	65.8822	65.8822
1889	65.8822	65.8822
1890	65.8822	65.8822
1891	65.8822	65.8822
1892	65.8822	65.8822
1893	65.8822	65.8822
1894	65.8822	65.8822
1895	65.8822	65.8822
1896	65.8822	65.8822
1897	65.8822	65.8822
1898	65.8822	65.8822
1899	65.8822	65.8822
1900	65.8822	65.8822
1901	65.8822	65.8822
1902	65.8681	65.8803
1903	65.8681	65.8769
1904	65.8681	65.8729
1905	65.8681	65.8696
1906	65.8681	65.8681
1907	65.8681	65.8681
1908	65.8681	65.8681
1909	65.8681	65.8681
1910	65.8681	65.8681
1911	65.8681	65.8681
1912	65.8681	65.8681
1913	65.8681	65.8681
1914	65.8681	65.8681
1915	65.8681	65.8681
1916	65.8681	65.8681
1917	65.8681	65.8681
1918	65.8681	65.8681
1919	65.8681	65.8681
1920	65.8681	65.8681
1921	65.8681	65.8681
1922	65.8681	65.8681
1923	65.8681	65.8681
1924	65.8681	65.8681
1925	65.8681	65.8681
1926	65.8681	65.8681
1927	65.8681	65.8681
1928	65.8681	65.8681
1929	65.8681	65.8681
1930	65.8681	65.8681
1931	65.8681	65.8681
1932	65.8681	65.8681
1933	65.8681	65.8681
1934	65.8681	65.8681
1935	65.8681	65.8681
1936	65.8681	65.8681
1937	65.8681	65.8681
1938	65.8681	65.8681
1939	65.8681	65.8681
1940	65.8681	65.8681
1941	65.8681	65.8681
1942	65.8681	65.8681
1943	65.8681	65.8681
1944	65.8681	65.8681
1945	65.8681	65.8681
1946	65.8681	65.8681
1947	65.8681	65.8681
1948	65.8681	65.8681
1949	65.8681	65.8681
1950	65.8681	65.8681
1951	65.8681	65.8681
1952	65.8681	65.8681
1953	65.8681	65.8681
1954	65.8681	65.8681
1955	65.8681	65.8681
1956	65.8681	65.8681
1957	65.8681	65.8681
1958	65.8681	65.8681
1959	65.8681	65.8681
1960	65.8681	65.8681
1961	65.8681	65.8681
1962	65.8681	65.8681
1963	65.8681	65.8681
1964	65.8681	65.8681
1965	65.8681	65.8681
1966	65.8681	65.8681
1967	65.8681	65.8681
1968	65.8681	65.8681
1969	65.8681	65.8681
1970	65.8681	65.8681
1971	65.8681	65.8681
1972	65.8681	65.8681
1973	65.8681	65.8681
1974	65.8681	65.8681
1975	65.8681	65.8681
1976	65.8681	65.8681
1977	65.8681	65.8681
1978	65.8681	65.8681
1979	65.8681	65.8681
1980	65.8681	65.8681
1981	65.8681	65.8681
1982	65.8681	65.8681
1983	65.8681	65.8681
1984	65.8681	65.8681
1985	65.8681	65.8681
1986	65.8681	65.8681
1987	65.8681	65.8681
1988	65.8681	65.8681
1989	65.8681	65.8681
1990	65.8681	65.8681
1991	65.8681	65.8681
1992	65.8681	65.8681
1993	65.8681	65.8681
1994	65.8681	65.8681
1995	65.8681	65.8681
1996	65.8681	65.8681
1997	65.8681	65.8681
1998	65.8681	65.8681
1999	65.8681	65.8681
2000	65.8681	65.8681
