# GEN: 	 LUNGHEZZA DEL MIGLIORE: 	 LUNGHEZZA MEDIA:
1	451.661	506.077
2	442.758	488.898
3	434.936	471.09
4	422.95	458.223
5	415.109	450.337
6	393.806	440.979
7	382.032	431.394
8	376.315	419.063
9	368.853	406.782
10	363.136	393.314
11	360.882	383.257
12	354.513	374.051
13	349.234	367.905
14	344.129	362.908
15	341.324	358.059
16	333.472	351.85
17	326.776	345.268
18	313.421	339.549
19	309.051	333.427
20	306.138	328.169
21	301.207	322.729
22	292.725	317.469
23	289.28	311.595
24	286.17	305.932
25	285.719	300.879
26	284.29	297.164
27	280.846	294.322
28	275.561	291.252
29	274.473	288.121
30	273.028	284.447
31	269.533	280.772
32	260.45	278.389
33	260.45	274.53
34	256.688	270.515
35	256.13	266.192
36	252.367	262.837
37	251.684	259.561
38	247.921	257.058
39	242.62	254.523
40	242.033	251.91
41	238.934	249.195
42	235.532	246.75
43	229.162	244.457
44	229.162	242.149
45	228.091	238.524
46	226.393	235.964
47	224.054	233.022
48	223.562	231.223
49	220.468	228.701
50	217.267	227.781
51	217.267	226.477
52	211.983	224.923
53	211.983	222.532
54	211.498	219.656
55	210.628	217.177
56	207.584	216.014
57	207.701	214.981
58	206.851	214.132
59	206.483	212.649
60	205.021	210.512
61	201.812	209.527
62	201.44	207.761
63	199.593	206.265
64	194.073	204.324
65	193.701	202.865
66	190.255	200.731
67	188.788	198.113
68	188.788	195.85
69	188.042	193.299
70	184.025	191.472
71	181.738	189.565
72	179.564	187.849
73	179.412	186.244
74	178.128	185.003
75	177.722	183.574
76	176.836	182.408
77	176.295	181.854
78	175.199	180.861
79	174.75	179.706
80	173.527	179.123
81	172.799	177.743
82	172.672	176.73
83	172.526	175.841
84	172.514	174.436
85	171.039	173.444
86	169.915	172.734
87	168.588	172.413
88	168.338	171.751
89	168.282	170.74
90	167.453	169.865
91	165.998	169.224
92	162.174	168.556
93	162.174	167.64
94	161.81	166.091
95	160.8	164.995
96	158.134	164.306
97	157.827	163.208
98	157.827	161.8
99	157.263	160.326
100	155.753	159.323
101	155.601	158.608
102	152.244	158.474
103	151.68	158.118
104	151.68	157.682
105	151.68	156.549
106	149.536	155.027
107	149.322	153.533
108	149.322	151.974
109	147.746	151.028
110	147.746	150.516
111	146.667	150.871
112	146.667	150.194
113	146.667	149.948
114	146.13	149.759
115	146.13	149.453
116	145.547	148.703
117	144.785	147.767
118	141.964	146.716
119	144.202	145.997
120	144.202	145.645
121	143.704	145.15
122	143.704	144.668
123	137.858	144.299
124	137.338	143.915
125	137.22	143.04
126	136.979	141.605
127	136.156	140.007
128	135.955	139.071
129	133.787	138.699
130	135.101	138.912
131	134.984	139.165
132	134.308	139.239
133	133.684	139.657
134	132.675	140.011
135	131.924	139.638
136	132.5	139.84
137	132.154	139.376
138	131.554	139.084
139	131.554	138.168
140	131.554	138.273
141	131.217	137.377
142	130.634	135.825
143	130.503	134.029
144	129.8	132.86
145	129.317	131.885
146	128.819	131.162
147	128.043	130.733
148	126.937	130.069
149	126.937	129.332
150	125.688	128.756
151	125.14	127.835
152	125.115	126.889
153	125.115	126.303
154	125.115	125.869
155	124.785	125.237
156	124.097	125.085
157	123.759	124.889
158	121.424	124.642
159	119.819	124.104
160	119.138	123.455
161	118.463	122.256
162	118.463	121.062
163	118.103	120.072
164	117.93	119.104
165	117.772	118.778
166	117.599	118.444
167	116.631	118.338
168	116.27	118.188
169	115.736	117.763
170	115.525	117.182
171	115.026	116.658
172	114.457	116.53
173	114.457	116.093
174	114.296	115.602
175	112.363	115.108
176	111.491	114.364
177	110.922	113.656
178	109.237	112.868
179	108.263	112.093
180	107.797	111.299
181	107.542	110.297
182	106.596	109.36
183	106.596	108.336
184	106.341	107.607
185	106.341	107.143
186	105.447	106.927
187	105.447	106.655
188	105.447	106.348
189	104.87	106.036
190	105.383	105.735
191	105.383	105.575
192	102.887	105.433
193	102.887	105.36
194	102.823	105.377
195	102.823	105.399
196	102.823	105.016
197	102.823	104.744
198	101.453	104.618
199	101.453	104.346
200	101.453	103.388
201	101.453	102.587
202	95.5113	102.096
203	95.5113	102.363
204	95.0408	102.81
205	94.9522	104.183
206	94.4817	102.873
207	94.4817	101.151
208	94.4817	97.9109
209	94.4817	95.954
210	94.4817	95.3252
211	94.349	94.8002
212	93.7771	94.5833
213	93.7771	94.3873
214	93.6018	94.224
215	93.1313	94.0488
216	92.8255	93.8417
217	92.355	93.5448
218	92.164	93.165
219	92.164	92.8574
220	92.164	92.5621
221	92.164	92.4663
222	92.164	92.2913
223	92.1437	92.231
224	91.5051	92.1674
225	91.4848	92.1156
226	90.9253	91.994
227	90.905	91.7992
228	90.905	91.5679
229	90.905	91.3023
230	90.905	91.1312
231	89.6134	90.959
232	89.6134	90.7274
233	89.6134	90.3682
234	89.6134	90.0608
235	89.6134	89.7687
236	88.8231	89.5826
237	88.8231	89.4575
238	88.7523	89.2107
239	88.7523	88.9944
240	88.6698	88.8538
241	88.5467	88.7759
242	88.4894	88.7341
243	88.4894	88.681
244	88.4894	88.6148
245	87.7303	88.53
246	87.7303	88.385
247	87.7303	88.192
248	87.7303	87.9669
249	86.8032	87.7438
250	85.9069	87.4777
251	85.8244	87.1914
252	85.8244	86.7954
253	85.8244	86.4739
254	85.8244	86.2151
255	85.8244	86.0357
256	85.0139	85.828
257	85.0139	85.7313
258	84.7097	85.5655
259	84.7097	85.3346
260	84.6473	85.1471
261	84.6473	84.9981
262	84.6473	84.837
263	84.3798	84.7156
264	84.1005	84.638
265	83.8329	84.5045
266	83.8329	84.3543
267	83.5916	84.2067
268	83.324	84.0601
269	83.0958	83.96
270	83.324	83.7729
271	83.0958	83.5816
272	83.0555	83.4388
273	82.1903	83.2876
274	82.1903	83.1212
275	81.821	83.0537
276	81.821	82.7511
277	81.7821	82.4124
278	81.7821	82.3287
279	81.4163	82.0509
280	81.4163	81.8628
281	81.4163	81.7326
282	81.4163	81.6136
283	81.3901	81.5192
284	81.3901	81.4496
285	81.3901	81.4089
286	81.1227	81.3898
287	80.7345	81.3357
288	81.1227	81.2503
289	80.448	81.1911
290	81.0771	81.1323
291	81.0771	81.1104
292	80.4218	81.0967
293	80.4218	81.0567
294	80.4218	80.9268
295	80.3074	80.7206
296	80.3074	80.5815
297	80.3074	80.4358
298	80.3074	80.3705
299	80.3074	80.338
300	80.3074	80.3168
301	80.3074	80.3085
302	80.3074	80.3074
303	80.3074	80.3074
304	80.3074	80.3074
305	80.3074	80.3074
306	80.1647	80.3071
307	80.1647	80.2994
308	80.1647	80.2749
309	80.1647	80.2426
310	80.1647	80.2003
311	80.1647	80.1799
312	80.1647	80.1647
313	80.1647	80.1647
314	80.1647	80.1647
315	80.1647	80.1647
316	80.1647	80.1647
317	80.1647	80.1647
318	80.1647	80.1647
319	80.1647	80.1647
320	80.1647	80.1647
321	80.1647	80.1647
322	79.9918	80.1644
323	79.9918	80.1568
324	79.9918	80.1284
325	79.9622	80.0739
326	79.7893	80.0323
327	79.7893	79.986
328	79.7893	79.92
329	79.7893	79.8683
330	79.7893	79.822
331	79.632	79.7941
332	79.632	79.7572
333	79.369	79.7054
334	79.369	79.6323
335	79.369	79.5556
336	79.369	79.5565
337	79.369	79.508
338	79.369	79.4248
339	79.369	79.3848
340	79.369	79.369
341	79.369	79.369
342	79.369	79.369
343	79.369	79.369
344	79.369	79.369
345	79.369	79.369
346	79.369	79.369
347	79.369	79.369
348	78.7804	79.3408
349	78.7804	79.2524
350	78.7804	79.1002
351	78.7804	78.993
352	78.7804	78.8881
353	78.7433	78.824
354	78.7433	78.7804
355	78.7433	78.7785
356	78.7433	78.7711
357	78.7433	78.7622
358	78.7433	78.7523
359	78.7433	78.7471
360	78.7433	78.7433
361	78.7433	78.7433
362	78.7433	78.7433
363	78.7433	78.7433
364	78.5779	78.7429
365	78.5779	78.7376
366	78.4037	78.7108
367	78.5779	78.6675
368	78.5779	78.625
369	78.5779	78.5863
370	78.5779	78.5779
371	78.5779	78.5779
372	78.5779	78.5779
373	78.5779	78.5779
374	78.5779	78.5779
375	78.5071	78.5732
376	78.5071	78.5584
377	78.5071	78.5394
378	78.4702	78.5224
379	78.4702	78.5105
380	78.4702	78.5006
381	78.4702	78.4876
382	78.4702	78.4766
383	78.3679	78.47
384	78.3679	78.4617
385	78.3679	78.4472
386	78.3679	78.4238
387	78.1443	78.3916
388	78.1443	78.3491
389	78.1443	78.2912
390	77.8874	78.2131
391	77.6638	78.1454
392	77.4905	78.0575
393	77.4905	78.0207
394	77.4905	77.7958
395	77.4905	77.6692
396	77.4905	77.5693
397	77.1991	77.5128
398	77.1991	77.4866
399	77.1991	77.4211
400	77.1991	77.3337
401	77.1991	77.2749
402	74.1795	77.0788
403	74.1428	77.0352
404	74.1428	76.6909
405	73.8919	75.9382
406	73.8919	75.2299
407	73.9125	74.6685
408	73.9125	74.4489
409	73.9125	74.1368
410	73.9125	73.9904
411	73.8219	73.9687
412	73.8219	73.9171
413	73.8219	73.8925
414	73.8219	73.866
415	73.8219	73.8436
416	73.8219	73.8269
417	73.8219	73.8239
418	73.8129	73.8219
419	73.8129	73.8218
420	73.0062	73.8625
421	73.0062	74.4947
422	73.0062	74.9317
423	73.0062	75.8399
424	73.0062	74.8737
425	73.0062	73.9131
426	73.0062	73.7581
427	73.0062	73.2275
428	73.0062	73.0062
429	73.0062	73.0062
430	73.0062	73.0062
431	73.0062	73.0062
432	72.5913	72.999
433	72.5913	72.9645
434	72.5913	72.8732
435	72.5913	72.7709
436	72.5913	72.6695
437	72.5913	72.6085
438	72.5913	72.5913
439	72.5913	72.5913
440	72.5913	72.5913
441	72.5913	72.5913
442	72.5913	72.5913
443	72.5913	72.5913
444	72.5913	72.5913
445	72.5913	72.5913
446	72.5913	72.5913
447	72.5913	72.5913
448	72.5913	72.5913
449	72.5913	72.5913
450	72.5913	72.5913
451	72.5913	72.5913
452	72.5913	72.5913
453	72.5913	72.5913
454	72.5913	72.5913
455	72.5913	72.5913
456	72.5913	72.5913
457	72.5913	72.5913
458	72.5913	72.5913
459	72.5913	72.5913
460	72.5913	72.5913
461	72.5913	72.5913
462	72.5913	72.5913
463	72.5913	72.5913
464	72.5913	72.5913
465	72.5913	72.5913
466	72.3778	72.5781
467	72.3778	72.5426
468	72.3778	72.4952
469	72.0961	72.4401
470	72.0961	72.5242
471	72.0961	72.9903
472	72.0961	73.9123
473	72.0961	74.0706
474	72.0961	74.1588
475	72.0961	73.9713
476	72.0961	73.6357
477	72.0961	73.1303
478	72.0961	72.9806
479	72.0961	72.38
480	72.0961	72.1071
481	72.0961	72.1679
482	72.0961	72.0971
483	72.0961	72.0961
484	72.0961	72.0961
485	72.0961	72.0961
486	72.0961	72.0961
487	72.0961	72.0961
488	71.7212	72.0901
489	71.7212	72.0698
490	71.7212	72.8883
491	71.7212	74.2737
492	71.7212	75.3729
493	71.7212	75.3361
494	71.7212	75.3901
495	71.7212	74.1701
496	71.7212	72.9193
497	71.7212	71.8927
498	71.6638	71.7182
499	71.6638	71.7095
500	71.6638	71.6922
501	71.6638	71.6735
502	71.5548	71.6609
503	71.5548	71.6381
504	71.5548	71.6145
505	71.4446	71.5871
506	71.4359	71.5633
507	71.4359	71.5271
508	71.4359	71.4875
509	71.4359	71.4534
510	71.4359	71.4359
511	71.4359	71.4359
512	71.4359	71.4359
513	71.4359	71.4359
514	71.4359	71.4359
515	71.4359	71.4359
516	71.4359	71.4359
517	71.2167	71.4258
518	71.2167	71.3789
519	71.2167	71.3127
520	71.2167	71.2666
521	71.2167	71.2298
522	71.2167	71.2167
523	71.2167	71.2167
524	71.2167	71.2167
525	71.2167	71.2167
526	71.2167	71.2167
527	71.2167	71.2167
528	71.2167	71.2167
529	71.2167	71.2167
530	71.2167	71.2167
531	70.8239	71.2075
532	70.8239	71.189
533	70.8239	71.7225
534	70.8239	72.4429
535	70.8239	72.4993
536	70.8239	72.672
537	70.8239	72.722
538	70.8239	71.9019
539	70.8239	71.324
540	70.8239	71.0027
541	70.8239	70.9284
542	70.8239	70.8239
543	70.8239	70.8239
544	70.8239	70.8239
545	70.8239	70.8239
546	70.8239	70.8239
547	70.8239	70.8239
548	70.8239	70.8239
549	70.8239	70.8239
550	70.8239	70.8239
551	70.8239	70.8239
552	70.8239	70.8239
553	70.8239	70.8239
554	70.8239	70.8239
555	70.8239	70.8239
556	70.8239	70.8239
557	70.8239	70.8239
558	70.8239	70.8239
559	70.8239	70.8239
560	70.8239	70.8239
561	70.8239	70.8239
562	70.8239	70.8239
563	70.8239	70.8239
564	70.8239	70.8239
565	70.8239	70.8239
566	70.8239	70.8239
567	70.8239	70.8239
568	70.8239	70.8239
569	70.8239	70.8239
570	70.8239	70.8239
571	70.8239	70.8239
572	70.8239	70.8239
573	70.8239	70.8239
574	70.8239	70.8239
575	70.8239	70.8239
576	70.8239	70.8239
577	70.8239	70.8239
578	70.8239	70.8239
579	70.8239	70.8239
580	70.8239	70.8239
581	70.8239	70.8239
582	70.8239	70.8239
583	70.8239	70.8239
584	70.8239	70.8239
585	70.8239	70.8239
586	70.8239	70.8239
587	70.8239	70.8239
588	70.8239	70.8239
589	70.8239	70.8239
590	70.8239	70.8239
591	70.8239	70.8239
592	70.8239	70.8239
593	70.8239	70.8239
594	70.8239	70.8239
595	70.8239	70.8239
596	70.8239	70.8239
597	70.8239	70.8239
598	70.8239	70.8239
599	70.8239	70.8239
600	70.8239	70.8239
601	70.8239	70.8239
602	69.73	70.8173
603	69.73	71.1173
604	69.73	71.6317
605	69.73	72.8553
606	69.73	74.3213
607	69.73	75.4369
608	69.73	75.2519
609	69.73	74.7353
610	69.73	74.5989
611	69.73	73.4942
612	69.73	72.9457
613	69.73	71.6844
614	69.73	70.3872
615	69.73	70.0582
616	69.73	69.7314
617	69.73	69.73
618	69.73	69.73
619	69.73	69.73
620	69.73	69.73
621	69.73	69.73
622	69.73	69.73
623	69.73	69.73
624	69.73	69.73
625	69.73	69.73
626	69.73	69.73
627	69.73	69.73
628	69.73	69.73
629	69.73	69.73
630	69.73	69.73
631	69.73	69.73
632	69.73	69.73
633	69.73	69.73
634	69.73	69.73
635	69.73	69.73
636	69.73	69.73
637	69.73	69.73
638	69.73	69.73
639	69.7214	69.7297
640	69.7214	69.7287
641	69.1825	69.7249
642	69.1825	69.695
643	69.1825	69.5973
644	69.1825	69.4211
645	69.1825	69.311
646	69.1825	69.2088
647	69.1825	69.1825
648	69.1825	69.1825
649	69.1825	69.1825
650	69.1825	69.1825
651	69.1825	69.1825
652	69.1825	69.1825
653	69.1825	69.1825
654	69.1825	69.1825
655	69.1825	69.1825
656	68.9926	69.1821
657	69.1825	69.1825
658	69.1825	69.1825
659	69.1825	69.1825
660	69.1825	69.1825
661	69.1825	69.1825
662	69.1825	69.1825
663	69.1825	69.1825
664	69.1825	69.1825
665	69.1825	69.1825
666	69.1825	69.1825
667	69.1825	69.1825
668	69.1825	69.1825
669	69.0876	69.1823
670	69.0876	69.1778
671	69.0876	69.1626
672	69.0876	69.1339
673	69.0876	69.1089
674	69.0876	69.0883
675	69.0876	69.0876
676	69.0876	69.0876
677	69.0876	69.0876
678	69.0876	69.0876
679	69.0876	69.0876
680	69.0876	69.0876
681	69.0876	69.0876
682	69.0876	69.0876
683	69.0876	69.0876
684	69.0876	69.0876
685	69.0876	69.0876
686	69.0876	69.0876
687	69.0876	69.0876
688	69.0876	69.0876
689	69.0876	69.0876
690	69.0876	69.0876
691	69.0876	69.0876
692	69.0876	69.0876
693	69.0876	69.0876
694	69.0876	69.0876
695	69.0876	69.0876
696	69.0876	69.0876
697	69.0876	69.0876
698	69.0876	69.0876
699	69.0876	69.0876
700	69.0876	69.0876
701	69.0876	69.0876
702	68.2541	69.0308
703	68.2541	68.9204
704	68.2541	68.7823
705	68.2541	68.6699
706	68.2541	68.5092
707	68.2541	68.4974
708	68.2541	68.3539
709	68.2541	68.2588
710	68.2541	68.2541
711	68.2541	68.2541
712	68.2541	68.2541
713	68.2541	68.2541
714	68.2541	68.2541
715	68.2541	68.2541
716	68.2541	68.2541
717	68.2541	68.2541
718	68.2541	68.2541
719	68.2541	68.2541
720	68.2541	68.2541
721	68.2541	68.2541
722	68.2541	68.2541
723	68.2541	68.2541
724	68.2541	68.2541
725	68.2541	68.2541
726	68.2541	68.2541
727	68.2541	68.2541
728	68.2541	68.2541
729	68.2541	68.2541
730	68.2541	68.2541
731	68.2541	68.2541
732	68.2541	68.2541
733	68.2541	68.2541
734	68.2541	68.2541
735	68.2541	68.2541
736	68.2541	68.2541
737	68.2541	68.2541
738	68.2541	68.2541
739	68.2541	68.2541
740	68.2541	68.2541
741	68.2541	68.2541
742	68.2541	68.2541
743	68.2541	68.2541
744	68.2541	68.2541
745	68.2541	68.2541
746	68.2541	68.2541
747	68.2541	68.2541
748	68.2541	68.2541
749	68.2541	68.2541
750	68.2541	68.2541
751	68.2541	68.2541
752	68.2541	68.2541
753	68.2541	68.2541
754	68.2541	68.2541
755	68.2541	68.2541
756	68.2541	68.2541
757	68.2541	68.2541
758	68.2541	68.2541
759	68.2541	68.2541
760	68.2541	68.2541
761	68.2541	68.2541
762	68.2541	68.2541
763	68.2541	68.2541
764	68.2541	68.2541
765	68.2541	68.2541
766	68.2541	68.2541
767	68.2541	68.2541
768	68.2541	68.2541
769	68.2541	68.2541
770	68.2541	68.2541
771	68.2541	68.2541
772	68.2541	68.2541
773	68.2541	68.2541
774	68.2541	68.2541
775	68.2541	68.2541
776	68.2541	68.2541
777	68.2541	68.2541
778	68.2541	68.2541
779	68.2541	68.2541
780	68.2541	68.2541
781	68.2541	68.2541
782	68.2541	68.2541
783	68.2541	68.2541
784	68.2541	68.2541
785	68.2541	68.2541
786	68.2541	68.2541
787	68.2541	68.2541
788	68.2541	68.2541
789	68.2541	68.2541
790	68.2541	68.2541
791	68.2541	68.2541
792	68.2541	68.2541
793	68.2541	68.2541
794	68.2541	68.2541
795	68.2541	68.2541
796	68.2541	68.2541
797	68.2541	68.2541
798	68.2541	68.2541
799	68.2541	68.2541
800	68.2541	68.2541
801	68.2541	68.2541
802	67.8153	68.2277
803	67.8153	68.1617
804	67.8153	68.0726
805	67.8153	68.0197
806	67.8153	67.9286
807	67.8153	67.8425
808	67.8153	67.8153
809	67.8153	67.8153
810	67.8153	67.8153
811	67.8153	67.8153
812	67.8153	67.8153
813	67.8153	67.8153
814	67.8153	67.8153
815	67.8153	67.8153
816	67.8153	67.8153
817	67.8153	67.8153
818	67.8153	67.8153
819	67.8153	67.8153
820	67.8153	67.8153
821	67.8153	67.8153
822	67.8153	67.8153
823	67.8153	67.8153
824	67.8153	67.8153
825	67.8153	67.8153
826	67.8153	67.8153
827	67.8153	67.8153
828	67.8153	67.8153
829	67.8153	67.8153
830	67.8153	67.8153
831	67.8153	67.8153
832	67.8153	67.8153
833	67.8153	67.8153
834	67.8153	67.8153
835	67.8153	67.8153
836	67.8153	67.8153
837	67.8153	67.8153
838	67.8153	67.8153
839	67.8153	67.8153
840	67.8153	67.8153
841	67.8153	67.8153
842	67.8153	67.8153
843	67.8153	67.8153
844	67.8153	67.8153
845	67.8153	67.8153
846	67.8153	67.8153
847	67.8153	67.8153
848	67.8153	67.8153
849	67.8153	67.8153
850	67.8153	67.8153
851	67.8153	67.8153
852	67.8153	67.8153
853	67.8153	67.8153
854	67.8153	67.8153
855	67.8153	67.8153
856	67.8153	67.8153
857	67.8153	67.8153
858	67.8153	67.8153
859	67.8153	67.8153
860	67.8153	67.8153
861	67.8153	67.8153
862	67.8153	67.8153
863	67.8153	67.8153
864	67.8153	67.8153
865	67.8153	67.8153
866	67.8153	67.8153
867	67.8153	67.8153
868	67.8153	67.8153
869	67.8153	67.8153
870	67.8153	67.8153
871	67.8153	67.8153
872	67.8153	67.8153
873	67.8153	67.8153
874	67.8153	67.8153
875	67.8153	67.8153
876	67.8153	67.8153
877	67.8153	67.8153
878	67.8153	67.8153
879	67.8153	67.8153
880	67.8153	67.8153
881	67.8153	67.8153
882	67.8153	67.8153
883	67.8153	67.8153
884	67.8153	67.8153
885	67.8153	67.8153
886	67.8153	67.8153
887	67.8153	67.8153
888	67.8153	67.8153
889	67.8153	67.8153
890	67.8153	67.8153
891	67.8153	67.8153
892	67.8153	67.8153
893	67.8153	67.8153
894	67.8153	67.8153
895	67.8153	67.8153
896	67.8153	67.8153
897	67.8153	67.8153
898	67.8153	67.8153
899	67.8153	67.8153
900	67.8153	67.8153
901	67.8153	67.8153
902	66.9296	67.7544
903	66.9296	67.5926
904	66.9296	67.319
905	66.9296	67.1242
906	66.9296	66.9932
907	66.9296	66.9436
908	66.9296	66.9296
909	66.9296	66.9296
910	66.9296	66.9296
911	66.9296	66.9296
912	66.9296	66.9296
913	66.9296	66.9296
914	66.9296	66.9296
915	66.9296	66.9296
916	66.9296	66.9296
917	66.9296	66.9296
918	66.9296	66.9296
919	66.9296	66.9296
920	66.9296	66.9296
921	66.9296	66.9296
922	66.9296	66.9296
923	66.9296	66.9296
924	66.9296	66.9296
925	66.9296	66.9296
926	66.9296	66.9296
927	66.9296	66.9296
928	66.9296	66.9296
929	66.9296	66.9296
930	66.9296	67.3036
931	66.9296	69.306
932	66.9296	70.8398
933	66.9296	73.0648
934	66.9296	74.1156
935	66.9296	74.4502
936	66.9296	73.631
937	66.9296	73.7141
938	66.9296	72.0841
939	66.9296	70.9491
940	66.9296	69.546
941	66.9296	68.6172
942	66.9296	68.3528
943	66.9296	67.1197
944	66.9296	66.9328
945	66.9296	66.9296
946	66.9296	66.9296
947	66.9296	66.9296
948	66.9296	66.9296
949	66.9296	66.9296
950	66.9296	66.9296
951	66.9296	66.9296
952	66.9296	66.9296
953	66.9296	66.9296
954	66.9296	66.9296
955	66.9296	66.9296
956	66.9296	66.9296
957	66.9296	66.9296
958	66.9296	66.9296
959	66.9296	66.9296
960	66.9296	66.9296
961	66.9296	66.9296
962	66.9296	66.9296
963	66.9296	66.9296
964	66.9296	66.9296
965	66.9296	66.9296
966	66.9296	66.9296
967	66.9296	66.9296
968	66.9296	66.9296
969	66.9296	66.9296
970	66.9296	66.9296
971	66.9296	66.9296
972	66.9296	66.9296
973	66.9296	66.9296
974	66.9296	66.9296
975	66.9296	66.9296
976	66.9296	66.9296
977	66.9296	66.9296
978	66.9296	66.9296
979	66.9296	66.9296
980	66.9296	66.9296
981	66.9296	66.9296
982	66.9296	66.9296
983	66.9296	66.9296
984	66.9296	66.9296
985	66.9296	66.9296
986	66.9296	66.9296
987	66.9296	66.9296
988	66.9296	66.9296
989	66.9296	66.9296
990	66.9296	66.9296
991	66.9296	66.9296
992	66.9296	66.9296
993	66.9296	66.9296
994	66.9296	66.9296
995	66.9296	66.9296
996	66.9296	66.9296
997	66.9296	66.9296
998	66.9296	66.9296
999	66.9296	66.9296
1000	66.9296	66.9296
1001	66.9296	66.9296
1002	66.4095	66.9108
1003	66.4095	67.6539
1004	66.4095	69.7205
1005	66.4095	70.922
1006	66.4095	72.3712
1007	66.4095	71.96
1008	66.4095	70.4586
1009	66.4095	70.2146
1010	66.4095	69.0962
1011	66.4095	67.5404
1012	66.4095	67.1979
1013	66.4095	67.0902
1014	66.4095	66.5856
1015	66.4095	66.4249
1016	66.4095	66.4095
1017	66.4095	66.4095
1018	66.4095	66.4095
1019	66.4095	66.4095
1020	66.4095	66.4095
1021	66.4095	66.4095
1022	66.4095	66.4095
1023	66.4095	66.4095
1024	66.4095	66.4095
1025	66.4095	66.4095
1026	66.4095	66.4095
1027	66.4095	66.4095
1028	66.4095	66.4095
1029	66.4095	66.4095
1030	66.4095	66.4095
1031	66.4095	66.4095
1032	66.4095	66.4095
1033	66.4095	66.4095
1034	66.4095	66.4095
1035	66.4095	66.4095
1036	66.4095	66.4095
1037	66.4095	66.4095
1038	66.4095	66.4095
1039	66.4095	66.4095
1040	66.4095	66.4095
1041	66.4095	66.4095
1042	66.4095	66.4095
1043	66.4095	66.4095
1044	66.4095	66.4095
1045	66.4095	66.4095
1046	66.4095	66.4095
1047	66.4095	66.4095
1048	66.4095	66.4095
1049	66.4095	66.4095
1050	66.4095	66.4095
1051	66.4095	66.4095
1052	66.4095	66.4095
1053	66.4095	66.4095
1054	66.4095	66.4095
1055	66.4095	66.4095
1056	66.4095	66.4095
1057	66.4095	66.4095
1058	66.4095	66.4095
1059	66.4095	66.4095
1060	66.4095	66.4095
1061	66.4095	66.4095
1062	66.4095	66.4095
1063	66.4095	66.4095
1064	66.4095	66.4095
1065	66.4095	66.4095
1066	66.4095	66.4095
1067	66.4095	66.4095
1068	66.4095	66.4095
1069	66.4095	66.4095
1070	66.4095	66.4095
1071	66.4095	66.4095
1072	66.4095	66.4095
1073	66.4095	66.4095
1074	66.4095	66.4095
1075	66.4095	66.4095
1076	66.4095	66.4095
1077	66.4095	66.4095
1078	66.4095	66.4095
1079	66.4095	66.4095
1080	66.4095	66.4095
1081	66.4095	66.4095
1082	66.4095	66.4095
1083	66.4095	66.4095
1084	66.4095	66.4095
1085	66.4095	66.4095
1086	66.4095	66.4095
1087	66.4095	66.4095
1088	66.4095	66.4095
1089	66.4095	66.4095
1090	66.4095	66.4095
1091	66.4095	66.4095
1092	66.4095	66.4095
1093	66.4095	66.4095
1094	66.4095	66.4095
1095	66.4095	66.4095
1096	66.4095	66.4095
1097	66.4095	66.4095
1098	66.4095	66.4095
1099	66.4095	66.4095
1100	66.4095	66.4095
1101	66.4095	66.4095
1102	66.4095	66.4095
1103	66.4095	66.4095
1104	66.4095	66.4095
1105	66.4095	66.4095
1106	66.4095	66.4095
1107	66.4095	66.4095
1108	66.4095	66.4095
1109	66.4095	66.4095
1110	66.4095	66.4095
1111	66.4095	66.4095
1112	66.4095	66.4095
1113	66.4095	66.4095
1114	66.4095	66.4095
1115	66.4095	66.4095
1116	66.4095	66.4095
1117	66.4095	66.4095
1118	66.4095	66.4095
1119	66.4095	66.4095
1120	66.4095	66.4095
1121	66.4095	66.4095
1122	66.4095	66.4095
1123	66.4095	66.4095
1124	66.4095	66.4095
1125	66.4095	66.4095
1126	66.4095	66.4095
1127	66.4095	66.4095
1128	66.4095	66.4095
1129	66.4095	66.4095
1130	66.4095	66.4095
1131	66.4095	66.4095
1132	66.4095	66.4095
1133	66.4095	66.4095
1134	66.4095	66.4095
1135	66.4095	66.4095
1136	66.4095	66.4095
1137	66.4095	66.4095
1138	66.4095	66.4095
1139	66.4095	66.4095
1140	66.4095	66.4095
1141	66.4095	66.4095
1142	66.4095	66.4095
1143	66.4095	66.4095
1144	66.4095	66.4095
1145	66.4095	66.4095
1146	66.4095	66.4095
1147	66.4095	66.4095
1148	66.4095	66.4095
1149	66.4095	66.4095
1150	66.4095	66.4095
1151	66.4095	66.4095
1152	66.4095	66.4095
1153	66.4095	66.4095
1154	66.4095	66.4095
1155	66.4095	66.4095
1156	66.4095	66.4095
1157	66.4095	66.4095
1158	66.4095	66.4095
1159	66.4095	66.4095
1160	66.4095	66.4095
1161	66.4095	66.4095
1162	66.4095	66.4095
1163	66.4095	66.4095
1164	66.4095	66.4095
1165	66.4095	66.4095
1166	66.4095	66.4095
1167	66.4095	66.4095
1168	66.4095	66.4095
1169	66.4095	66.4095
1170	66.4095	66.4095
1171	66.4095	66.4095
1172	66.4095	66.4095
1173	66.4095	66.4095
1174	66.4095	66.4095
1175	66.4095	66.4095
1176	66.4095	66.4095
1177	66.4095	66.4095
1178	66.4095	66.4095
1179	66.4095	66.4095
1180	66.4095	66.4095
1181	66.4095	66.4095
1182	66.4095	66.4095
1183	66.4095	66.4095
1184	66.4095	66.4095
1185	66.4095	66.4095
1186	66.4095	66.4095
1187	66.4095	66.4095
1188	66.4095	66.4095
1189	66.4095	66.4095
1190	66.4095	66.4095
1191	66.4095	66.4095
1192	66.4095	66.4095
1193	66.4095	66.4095
1194	66.4095	66.4095
1195	66.4095	66.4095
1196	66.4095	66.4095
1197	66.4095	66.4095
1198	66.4095	66.4095
1199	66.4095	66.4095
1200	66.4095	66.4095
1201	66.4095	66.4095
1202	66.4095	66.4095
1203	66.4095	66.4095
1204	66.3609	66.4094
1205	66.4095	66.4095
1206	66.4095	66.4095
1207	66.4095	66.4095
1208	66.3609	66.4094
1209	66.3609	66.4069
1210	66.3609	66.3985
1211	66.3609	66.3853
1212	66.3609	66.3714
1213	66.3609	66.3626
1214	66.3609	66.3609
1215	66.3609	66.3609
1216	66.3609	66.3609
1217	66.3609	66.3609
1218	66.3609	66.3609
1219	66.3609	66.3609
1220	66.3609	66.3609
1221	66.3609	66.3609
1222	66.3609	66.3609
1223	66.3609	66.3609
1224	66.3609	66.3609
1225	66.3609	66.3609
1226	66.3609	66.3609
1227	66.3609	66.3609
1228	66.3609	66.3609
1229	66.3609	66.3609
1230	66.3609	66.3609
1231	66.3609	66.3609
1232	66.3609	66.3609
1233	66.3609	66.3609
1234	66.3609	66.3609
1235	66.3609	66.3609
1236	66.3609	66.3609
1237	66.3609	66.3609
1238	66.3609	66.3609
1239	66.3609	66.3609
1240	66.3609	66.3609
1241	66.3609	66.3609
1242	66.3609	66.3609
1243	66.3609	66.3609
1244	66.3609	66.3609
1245	66.3609	66.3609
1246	66.3609	66.3609
1247	66.3609	66.3609
1248	66.3609	66.3609
1249	66.3609	66.3609
1250	66.3609	66.3609
1251	66.3609	66.3609
1252	66.3609	66.3609
1253	66.3609	66.3609
1254	66.3609	66.3609
1255	66.3609	66.3609
1256	66.3609	66.3609
1257	66.3609	66.3609
1258	66.3609	66.3609
1259	66.3609	66.3609
1260	66.3609	66.3609
1261	66.3609	66.3609
1262	66.3609	66.3609
1263	66.3609	66.3609
1264	66.3609	66.3609
1265	66.3609	66.3609
1266	66.3609	66.3609
1267	66.3609	66.3609
1268	66.3609	66.3609
1269	66.3609	66.3609
1270	66.3609	66.3609
1271	66.3609	66.3609
1272	66.3609	66.3609
1273	66.3609	66.3609
1274	66.3609	66.3609
1275	66.3609	66.3609
1276	66.3609	66.3609
1277	66.3609	66.3609
1278	66.3609	66.3609
1279	66.3609	66.3609
1280	66.3609	66.3609
1281	66.3609	66.3609
1282	66.3609	66.3609
1283	66.3609	66.3609
1284	66.3609	66.3609
1285	66.3609	66.3609
1286	66.3609	66.3609
1287	66.3609	66.3609
1288	66.3609	66.3609
1289	66.3609	66.3609
1290	66.3609	66.3609
1291	66.3609	66.3609
1292	66.3609	66.3609
1293	66.3609	66.3609
1294	66.3609	66.3609
1295	66.3609	66.3609
1296	66.3609	66.3609
1297	66.3609	66.3609
1298	66.3609	66.3609
1299	66.3609	66.3609
1300	66.3609	66.3609
1301	66.3609	66.3609
1302	66.3609	66.3609
1303	66.3609	66.3609
1304	66.3609	66.3609
1305	66.3609	66.3609
1306	66.3609	66.3609
1307	66.3609	66.3609
1308	66.3609	66.3609
1309	66.3609	66.3609
1310	66.3609	66.3609
1311	66.3609	66.3609
1312	66.3609	66.3609
1313	66.3609	66.3609
1314	66.3609	66.3609
1315	66.3609	66.3609
1316	66.3609	66.3609
1317	66.3609	66.3609
1318	66.3609	66.3609
1319	66.3609	66.3609
1320	66.3609	66.3609
1321	66.3609	66.3609
1322	66.3609	66.3609
1323	66.3609	66.3609
1324	66.3609	66.3609
1325	66.3609	66.3609
1326	66.3609	66.3609
1327	66.3609	66.3609
1328	66.3609	66.3609
1329	66.3609	66.3609
1330	66.3609	66.3609
1331	66.3609	66.3609
1332	66.3609	66.3609
1333	66.3609	66.3609
1334	66.3609	66.3609
1335	66.3609	66.3609
1336	66.3609	66.3609
1337	66.3609	66.3609
1338	66.3609	66.3609
1339	66.3609	66.3609
1340	66.3609	66.3609
1341	66.3609	66.3609
1342	66.3609	66.3609
1343	66.3609	66.3609
1344	66.3609	66.3609
1345	66.3609	66.3609
1346	66.3609	66.3609
1347	66.3609	66.3609
1348	66.3609	66.3609
1349	66.3609	66.3609
1350	66.3609	66.3609
1351	66.3609	66.3609
1352	66.3609	66.3609
1353	66.3609	66.3609
1354	66.3609	66.3609
1355	66.3609	66.3609
1356	66.3609	66.3609
1357	66.3609	66.3609
1358	66.3609	66.3609
1359	66.3609	66.3609
1360	66.3609	66.3609
1361	66.3609	66.3609
1362	66.3609	66.3609
1363	66.3609	66.3609
1364	66.3609	66.3609
1365	66.3609	66.3609
1366	66.3609	66.3609
1367	66.3609	66.3609
1368	66.3609	66.3609
1369	66.3609	66.3609
1370	66.3609	66.3609
1371	66.3609	66.3609
1372	66.3609	66.3609
1373	66.3609	66.3609
1374	66.3609	66.3609
1375	66.3609	66.3609
1376	66.3609	66.3609
1377	66.3609	66.3609
1378	66.3609	66.3609
1379	66.3609	66.3609
1380	66.3609	66.3609
1381	66.3609	66.3609
1382	66.3609	66.3609
1383	66.3609	66.3609
1384	66.3609	66.3609
1385	66.3609	66.3609
1386	66.3609	66.3609
1387	66.3609	66.3609
1388	66.3609	66.3609
1389	66.3609	66.3609
1390	66.3609	66.3609
1391	66.3609	66.3609
1392	66.3609	66.3609
1393	66.3609	66.3609
1394	66.3609	66.3609
1395	66.3609	66.3609
1396	66.3609	66.3609
1397	66.3609	66.3609
1398	66.3609	66.3609
1399	66.3609	66.3609
1400	66.3609	66.3609
1401	66.3609	66.3609
1402	66.3609	66.3609
1403	66.3609	66.3609
1404	66.3609	66.3609
1405	66.3609	66.3609
1406	66.3609	66.3609
1407	66.3609	66.3609
1408	66.3609	66.3609
1409	66.3609	66.3609
1410	66.3609	66.3609
1411	66.3609	66.3609
1412	66.3609	66.3609
1413	66.3609	66.3609
1414	66.3609	66.3609
1415	66.3609	66.3609
1416	66.3609	66.3609
1417	66.3609	66.3609
1418	66.3609	66.3609
1419	66.3609	66.3609
1420	66.3609	66.3609
1421	66.3609	66.3609
1422	66.3609	66.3609
1423	66.3609	66.3609
1424	66.3609	66.3609
1425	66.3609	66.3609
1426	66.3609	66.3609
1427	66.3609	66.3609
1428	66.3609	66.3609
1429	66.3609	66.3609
1430	66.3609	66.3609
1431	66.3609	66.3609
1432	66.3609	66.3609
1433	66.3609	66.3609
1434	66.3609	66.3609
1435	66.3609	66.3609
1436	66.3609	66.3609
1437	66.3609	66.3609
1438	66.3609	66.3609
1439	66.3609	66.3609
1440	66.3609	66.3609
1441	66.3609	66.3609
1442	66.3609	66.3609
1443	66.3609	66.3609
1444	66.3609	66.3609
1445	66.3609	66.3609
1446	66.3609	66.3609
1447	66.3609	66.3609
1448	66.3609	66.3609
1449	66.3609	66.3609
1450	66.3609	66.3609
1451	66.3609	66.3609
1452	66.3609	66.3609
1453	66.3609	66.3609
1454	66.3609	66.3609
1455	66.3609	66.3609
1456	66.3609	66.3609
1457	66.3609	66.3609
1458	66.3609	66.3609
1459	66.3609	66.3609
1460	66.3609	66.3609
1461	66.3609	66.3609
1462	66.3609	66.3609
1463	66.3609	66.3609
1464	66.3609	66.3609
1465	66.3609	66.3609
1466	66.3609	66.3609
1467	66.3609	66.3609
1468	66.3609	66.3609
1469	66.3609	66.3609
1470	66.3609	66.3609
1471	66.3609	66.3609
1472	66.3609	66.3609
1473	66.3609	66.3609
1474	66.3609	66.3609
1475	66.3609	66.3609
1476	66.3609	66.3609
1477	66.3609	66.3609
1478	66.3609	66.3609
1479	66.3609	66.3609
1480	66.3609	66.3609
1481	66.3609	66.3609
1482	66.3609	66.3609
1483	66.3609	66.3609
1484	66.3609	66.3609
1485	66.3609	66.3609
1486	66.3609	66.3609
1487	66.3609	66.3609
1488	66.3609	66.3609
1489	66.3609	66.3609
1490	66.3609	66.3609
1491	66.3609	66.3609
1492	66.3609	66.3609
1493	66.3609	66.3609
1494	66.3609	66.3609
1495	66.3609	66.3609
1496	66.3609	66.3609
1497	66.3609	66.3609
1498	66.3609	66.3609
1499	66.3609	66.3609
1500	66.3609	66.3609
1501	66.3609	66.3609
1502	65.6083	66.359
1503	65.6083	66.3063
1504	65.6083	66.1452
1505	65.6083	65.9302
1506	65.6083	65.7669
1507	65.418	65.6271
1508	65.418	65.6003
1509	65.418	65.5707
1510	65.418	65.5252
1511	65.418	65.4705
1512	65.418	65.431
1513	65.418	65.418
1514	65.418	65.418
1515	65.418	65.418
1516	65.418	65.418
1517	65.418	65.418
1518	65.418	65.418
1519	65.418	65.418
1520	65.418	65.418
1521	65.418	65.418
1522	65.418	65.418
1523	65.418	65.418
1524	65.418	65.418
1525	65.418	65.418
1526	65.418	65.418
1527	65.418	65.418
1528	65.418	65.418
1529	65.418	65.418
1530	65.418	65.418
1531	65.418	65.418
1532	65.418	65.418
1533	65.418	65.418
1534	65.418	65.418
1535	65.418	65.418
1536	65.418	65.418
1537	65.418	65.418
1538	65.418	65.418
1539	65.418	65.418
1540	65.418	65.418
1541	65.418	65.418
1542	65.418	65.418
1543	65.418	65.418
1544	65.418	65.418
1545	65.418	65.418
1546	65.418	65.418
1547	65.418	65.418
1548	65.418	65.418
1549	65.418	65.418
1550	65.418	65.418
1551	65.418	65.418
1552	65.418	65.418
1553	65.418	65.418
1554	65.418	65.418
1555	65.418	65.418
1556	65.418	65.418
1557	65.418	65.418
1558	65.418	65.418
1559	65.418	65.418
1560	65.418	65.418
1561	65.418	65.418
1562	65.418	65.418
1563	65.418	65.418
1564	65.418	65.418
1565	65.418	65.418
1566	65.418	65.418
1567	65.418	65.418
1568	65.418	65.418
1569	65.418	65.418
1570	65.418	65.418
1571	65.418	65.418
1572	65.418	65.418
1573	65.418	65.418
1574	65.418	65.418
1575	65.418	65.418
1576	65.418	65.418
1577	65.418	65.418
1578	65.418	65.418
1579	65.418	65.418
1580	65.418	65.418
1581	65.418	65.418
1582	65.418	65.418
1583	65.418	65.418
1584	65.418	65.418
1585	65.418	65.418
1586	65.418	65.418
1587	65.418	65.418
1588	65.418	65.418
1589	65.418	65.418
1590	65.418	65.418
1591	65.418	65.418
1592	65.418	65.418
1593	65.418	65.418
1594	65.418	65.418
1595	65.418	65.418
1596	65.418	65.418
1597	65.418	65.418
1598	65.418	65.418
1599	65.418	65.418
1600	65.418	65.418
1601	65.418	65.418
1602	65.0143	65.3809
1603	65.0143	65.2782
1604	65.0143	65.151
1605	65.0143	65.0889
1606	65.0143	65.0154
1607	65.0143	65.0143
1608	65.0143	65.0143
1609	65.0143	65.0143
1610	65.0143	65.0143
1611	65.0143	65.0143
1612	65.0143	65.0143
1613	65.0143	65.0143
1614	65.0143	65.0143
1615	65.0143	65.0143
1616	65.0143	65.0143
1617	65.0143	65.0143
1618	65.0143	65.0143
1619	65.0143	65.0143
1620	65.0143	65.0143
1621	65.0143	65.0143
1622	65.0143	65.0143
1623	65.0143	65.0143
1624	65.0143	65.0143
1625	65.0143	65.0143
1626	65.0143	65.0143
1627	65.0143	65.0143
1628	65.0143	65.0143
1629	65.0143	65.0143
1630	65.0143	65.0143
1631	65.0143	65.0143
1632	65.0143	65.0143
1633	65.0143	65.0143
1634	65.0143	65.0143
1635	65.0143	65.0143
1636	65.0143	65.0143
1637	65.0143	65.0143
1638	65.0143	65.0143
1639	65.0143	65.0143
1640	65.0143	65.0143
1641	65.0143	65.0143
1642	65.0143	65.0143
1643	65.0143	65.0143
1644	65.0143	65.0143
1645	65.0143	65.0143
1646	65.0143	65.0143
1647	65.0143	65.0143
1648	65.0143	65.0143
1649	65.0143	65.0143
1650	65.0143	65.0143
1651	65.0143	65.0143
1652	65.0143	65.0143
1653	65.0143	65.0143
1654	65.0143	65.0143
1655	65.0143	65.0143
1656	65.0143	65.0143
1657	65.0143	65.0626
1658	65.0143	65.7046
1659	65.0143	66.378
1660	65.0143	67.878
1661	65.0143	69.0148
1662	65.0143	71.3788
1663	65.0143	71.5154
1664	65.0143	72.5752
1665	65.0143	71.9184
1666	65.0143	71.1354
1667	65.0143	69.0743
1668	65.0143	67.5352
1669	65.0143	66.3489
1670	65.0143	65.5506
1671	65.0143	65.0143
1672	65.0143	65.0143
1673	65.0143	65.0143
1674	65.0143	65.0143
1675	65.0143	65.0143
1676	65.0143	65.0143
1677	65.0143	65.0143
1678	65.0143	65.0143
1679	65.0143	65.0143
1680	65.0143	65.0143
1681	65.0143	65.0143
1682	65.0143	65.0143
1683	65.0143	65.0143
1684	65.0143	65.0143
1685	65.0143	65.0143
1686	65.0143	65.0143
1687	65.0143	65.0143
1688	65.0143	65.0143
1689	65.0143	65.0143
1690	65.0143	65.0143
1691	65.0143	65.0143
1692	65.0143	65.0143
1693	65.0143	65.0143
1694	65.0143	65.0143
1695	65.0143	65.0143
1696	65.0143	65.0143
1697	65.0143	65.0143
1698	65.0143	65.0143
1699	65.0143	65.0143
1700	65.0143	65.0143
1701	65.0143	65.0143
1702	65.0143	65.0143
1703	65.0143	65.0143
1704	65.0143	65.0143
1705	65.0143	65.0143
1706	65.0143	65.0143
1707	65.0143	65.0143
1708	65.0143	65.0143
1709	65.0143	65.0143
1710	65.0143	65.0143
1711	65.0143	65.0143
1712	65.0143	65.0143
1713	65.0143	65.0143
1714	65.0143	65.0143
1715	65.0143	65.0143
1716	65.0143	65.0143
1717	65.0143	65.0143
1718	65.0143	65.0143
1719	65.0143	65.0143
1720	65.0143	65.0143
1721	65.0143	65.0143
1722	65.0143	65.0143
1723	65.0143	65.0143
1724	65.0143	65.0143
1725	65.0143	65.0143
1726	65.0143	65.0143
1727	65.0143	65.0143
1728	65.0143	65.0143
1729	65.0143	65.0143
1730	65.0143	65.0143
1731	65.0143	65.0143
1732	65.0143	65.0143
1733	65.0143	65.0143
1734	65.0143	65.0143
1735	65.0143	65.0143
1736	65.0143	65.0143
1737	65.0143	65.0143
1738	65.0143	65.0143
1739	65.0143	65.0143
1740	65.0143	65.0143
1741	65.0143	65.0143
1742	65.0143	65.0143
1743	65.0143	65.0143
1744	65.0143	65.0143
1745	65.0143	65.0143
1746	65.0143	65.0143
1747	65.0143	65.0143
1748	65.0143	65.0143
1749	65.0143	65.0143
1750	65.0143	65.0143
1751	65.0143	65.0143
1752	65.0143	65.0143
1753	65.0143	65.0143
1754	65.0143	65.0143
1755	65.0143	65.0143
1756	65.0143	65.0143
1757	65.0143	65.0143
1758	65.0143	65.0143
1759	65.0143	65.0143
1760	65.0143	65.0143
1761	65.0143	65.0143
1762	65.0143	65.0143
1763	65.0143	65.0143
1764	65.0143	65.0143
1765	65.0143	65.0143
1766	65.0143	65.0143
1767	65.0143	65.0143
1768	65.0143	65.0143
1769	65.0143	65.0143
1770	65.0143	65.0143
1771	65.0143	65.0143
1772	65.0143	65.0143
1773	65.0143	65.0143
1774	65.0143	65.0143
1775	65.0143	65.0143
1776	65.0143	65.0143
1777	65.0143	65.0143
1778	65.0143	65.0143
1779	65.0143	65.0143
1780	65.0143	65.0143
1781	65.0143	65.0143
1782	65.0143	65.0143
1783	65.0143	65.0143
1784	65.0143	65.0143
1785	65.0143	65.0143
1786	65.0143	65.0143
1787	65.0143	65.0143
1788	65.0143	65.0143
1789	65.0143	65.0143
1790	65.0143	65.0143
1791	65.0143	65.0143
1792	65.0143	65.0143
1793	65.0143	65.0143
1794	65.0143	65.0143
1795	65.0143	65.0143
1796	65.0143	65.0143
1797	65.0143	65.0143
1798	65.0143	65.0143
1799	65.0143	65.0143
1800	65.0143	65.0143
1801	65.0143	65.0143
1802	65.0143	65.0143
1803	65.0143	65.0143
1804	65.0143	65.0143
1805	65.0143	65.0143
1806	65.0143	65.0143
1807	65.0143	65.0143
1808	65.0143	65.0143
1809	65.0143	65.0143
1810	65.0143	65.0143
1811	65.0143	65.0143
1812	65.0143	65.0143
1813	65.0143	65.0143
1814	65.0143	65.0143
1815	65.0143	65.0143
1816	65.0143	65.0143
1817	65.0143	65.0143
1818	65.0143	65.0143
1819	65.0143	65.0143
1820	65.0143	65.0143
1821	65.0143	65.0143
1822	65.0143	65.0143
1823	65.0143	65.0143
1824	65.0143	65.0143
1825	65.0143	65.0143
1826	65.0143	65.0143
1827	65.0143	65.0143
1828	65.0143	65.0143
1829	65.0143	65.0143
1830	65.0143	65.0143
1831	65.0143	65.0143
1832	65.0143	65.0143
1833	65.0143	65.0143
1834	65.0143	65.0143
1835	65.0143	65.0143
1836	65.0143	65.0143
1837	65.0143	65.0143
1838	65.0143	65.0143
1839	65.0143	65.0143
1840	65.0143	65.0143
1841	65.0143	65.0143
1842	65.0143	65.0143
1843	65.0143	65.0143
1844	65.0143	65.0143
1845	65.0143	65.0143
1846	65.0143	65.0143
1847	65.0143	65.0143
1848	65.0143	65.0143
1849	65.0143	65.0143
1850	65.0143	65.0143
1851	65.0143	65.0143
1852	65.0143	65.0143
1853	65.0143	65.0143
1854	65.0143	65.0143
1855	65.0143	65.0143
1856	65.0143	65.0143
1857	65.0143	65.0143
1858	65.0143	65.0143
1859	65.0143	65.0143
1860	65.0143	65.0143
1861	65.0143	65.0143
1862	65.0143	65.0143
1863	65.0143	65.0143
1864	65.0143	65.0143
1865	65.0143	65.0143
1866	65.0143	65.0143
1867	65.0143	65.0143
1868	65.0143	65.0143
1869	65.0143	65.0143
1870	65.0143	65.0143
1871	65.0143	65.0143
1872	65.0143	65.0143
1873	65.0143	65.0143
1874	65.0143	65.0143
1875	65.0143	65.0143
1876	65.0143	65.0143
1877	65.0143	65.0143
1878	65.0143	65.0143
1879	65.0143	65.0143
1880	65.0143	65.0143
1881	65.0143	65.0143
1882	65.0143	65.0143
1883	65.0143	65.0143
1884	65.0143	65.0143
1885	65.0143	65.0143
1886	65.0143	65.0143
1887	65.0143	65.0143
1888	65.0143	65.0143
1889	65.0143	65.0143
1890	65.0143	65.0143
1891	65.0143	65.0143
1892	65.0143	65.0143
1893	65.0143	65.0143
1894	65.0143	65.0143
1895	65.0143	65.0143
1896	65.0143	65.0143
1897	65.0143	65.0143
1898	65.0143	65.0143
1899	65.0143	65.0143
1900	65.0143	65.0143
1901	65.0143	65.0143
1902	65.0143	65.0143
1903	65.0143	65.0143
1904	65.0143	65.0143
1905	65.0143	65.0143
1906	65.0143	65.0143
1907	65.0143	65.0143
1908	65.0143	65.0143
1909	65.0143	65.0143
1910	65.0143	65.0143
1911	65.0143	65.0143
1912	65.0143	65.0143
1913	65.0143	65.0143
1914	65.0143	65.0143
1915	65.0143	65.0143
1916	65.0143	65.0143
1917	65.0143	65.0143
1918	65.0143	65.0143
1919	65.0143	65.0143
1920	65.0143	65.0143
1921	65.0143	65.0143
1922	65.0143	65.0143
1923	65.0143	65.0143
1924	65.0143	65.0143
1925	65.0143	65.0143
1926	65.0143	65.0143
1927	65.0143	65.0143
1928	65.0143	65.0143
1929	65.0143	65.0143
1930	65.0143	65.0143
1931	65.0143	65.0143
1932	65.0143	65.0143
1933	65.0143	65.0143
1934	65.0143	65.0143
1935	65.0143	65.0143
1936	65.0143	65.0143
1937	65.0143	65.0143
1938	65.0143	65.0143
1939	65.0143	65.0143
1940	65.0143	65.0143
1941	65.0143	65.0143
1942	65.0143	65.0143
1943	65.0143	65.0143
1944	65.0143	65.0143
1945	65.0143	65.0143
1946	65.0143	65.0143
1947	65.0143	65.0143
1948	65.0143	65.0143
1949	65.0143	65.0143
1950	65.0143	65.0143
1951	65.0143	65.0143
1952	65.0143	65.0143
1953	65.0143	65.0143
1954	65.0143	65.0143
1955	65.0143	65.0143
1956	65.0143	65.0143
1957	65.0143	65.0143
1958	65.0143	65.0143
1959	65.0143	65.0143
1960	65.0143	65.0143
1961	65.0143	65.0143
1962	65.0143	65.0143
1963	65.0143	65.0143
1964	65.0143	65.0143
1965	65.0143	65.0143
1966	65.0143	65.0143
1967	65.0143	65.0143
1968	65.0143	65.0143
1969	65.0143	65.0143
1970	65.0143	65.0143
1971	65.0143	65.0143
1972	65.0143	65.0143
1973	65.0143	65.0143
1974	65.0143	65.0143
1975	65.0143	65.0143
1976	65.0143	65.0143
1977	65.0143	65.0143
1978	65.0143	65.0143
1979	65.0143	65.0143
1980	65.0143	65.0143
1981	65.0143	65.0143
1982	65.0143	65.0143
1983	65.0143	65.0143
1984	65.0143	65.0143
1985	65.0143	65.0143
1986	65.0143	65.0143
1987	65.0143	65.0143
1988	65.0143	65.0143
1989	65.0143	65.0143
1990	65.0143	65.0143
1991	65.0143	65.0143
1992	65.0143	65.0143
1993	65.0143	65.0143
1994	65.0143	65.0143
1995	65.0143	65.0143
1996	65.0143	65.0143
1997	65.0143	65.0143
1998	65.0143	65.0143
1999	65.0143	65.0143
2000	65.0143	65.0143
